0 -0.0576132200658 0.000524735078216 -0.0585593245924 10e2 10e2 10e2
1 0.420203626156 -0.818863093853 0.318904697895 10e2 10e2 10e2
2 0.735616862774 -0.0620370544493 0.0444699674845 10e2 10e2 10e2
3 -0.808310389519 0.00252128019929 0.576220810413 10e2 10e2 10e2
4 1.80626368523 -0.000271677970886 -0.15815359354 10e2 10e2 10e2
5 1.02928721905 1.17401015759 0.063264682889 10e2 10e2 10e2
6 0.440291464329 1.18473863602 0.0575805753469 10e2 10e2 10e2
7 0.583755791187 -1.41472816467 1.2003903389 10e2 10e2 10e2
8 2.44301533699 -0.00132432579994 0.674251616001 10e2 10e2 10e2
9 2.39118051529 0.228745937347 1.47974729538 10e2 10e2 10e2
10 -1.49742436409 -0.376988112926 1.28491234779 10e2 10e2 10e2
