11
74
0 1
1.109604e+000 2.541744e-001 -2.312427e+001 -1.097242e-001 1.080321e+000 -3.715399e+000 -4.125156e-004 -1.590480e-004 1.000000e+000
0.000000e+000 0.000000e+000 0.000000e+000 0.000000e+000 0.000000e+000 0.000000e+000 0.000000e+000 0.000000e+000 0.000000e+000
6.6000000000000003e-001
165
0
0 2
7.711540e-001 2.351185e-001 -3.882927e+001 -2.191174e-001 8.762547e-001 -1.935829e-001 -1.467888e-003 -5.492673e-005 1.000000e+000
0.000000e+000 0.000000e+000 0.000000e+000 0.000000e+000 0.000000e+000 0.000000e+000 0.000000e+000 0.000000e+000 0.000000e+000
6.9607843137254899e-001
71
0
0 3
8.558330e-001 3.331332e-001 -5.947156e+001 -4.085406e-001 9.360027e-001 3.166104e+001 -1.603470e-003 -8.075215e-004 1.000000e+000
0.000000e+000 0.000000e+000 0.000000e+000 0.000000e+000 0.000000e+000 0.000000e+000 0.000000e+000 0.000000e+000 0.000000e+000
8.6486486486486491e-001
32
0
0 5
1.034410e+000 -1.620806e-001 8.559613e+001 1.139421e-001 1.089341e+000 1.682527e+001 3.903464e-004 -2.131924e-005 1.000000e+000
0.000000e+000 0.000000e+000 0.000000e+000 0.000000e+000 0.000000e+000 0.000000e+000 0.000000e+000 0.000000e+000 0.000000e+000
5.8791208791208793e-001
107
0
0 6
3.624117e-001 -8.650311e-001 1.599212e+001 3.491187e-001 6.321580e-001 -1.071633e+001 -4.263680e-004 6.629215e-005 1.000000e+000
0.000000e+000 0.000000e+000 0.000000e+000 0.000000e+000 0.000000e+000 0.000000e+000 0.000000e+000 0.000000e+000 0.000000e+000
6.6666666666666663e-001
12
0
0 7
1.020163e+000 1.490257e-001 -2.225689e+001 -4.860654e-002 1.053482e+000 -5.834800e+001 -4.231321e-004 -9.002305e-004 1.000000e+000
0.000000e+000 0.000000e+000 0.000000e+000 0.000000e+000 0.000000e+000 0.000000e+000 0.000000e+000 0.000000e+000 0.000000e+000
6.9767441860465118e-001
120
0
0 8
1.055916e+000 1.228017e-001 7.208661e+000 2.224531e-002 9.027033e-001 -6.311583e+001 -4.863601e-004 -1.019768e-003 1.000000e+000
0.000000e+000 0.000000e+000 0.000000e+000 0.000000e+000 0.000000e+000 0.000000e+000 0.000000e+000 0.000000e+000 0.000000e+000
7.3913043478260865e-001
17
0
0 9
1.288655e+000 1.405618e-002 -6.007678e+001 1.222930e-001 9.899042e-001 2.858245e+001 -2.770476e-003 8.254693e-004 1.000000e+000
0.000000e+000 0.000000e+000 0.000000e+000 0.000000e+000 0.000000e+000 0.000000e+000 0.000000e+000 0.000000e+000 0.000000e+000
8.1651376146788990e-001
89
0
0 10
1.102155e+000 4.953273e-002 4.603789e+001 4.507600e-002 1.090456e+000 9.232435e+001 -5.218635e-004 1.023089e-003 1.000000e+000
0.000000e+000 0.000000e+000 0.000000e+000 0.000000e+000 0.000000e+000 0.000000e+000 0.000000e+000 0.000000e+000 0.000000e+000
7.6666666666666672e-001
69
0
1 0
8.881967e-001 -2.060609e-001 1.977331e+001 9.152099e-002 9.049244e-001 5.478512e+000 3.809512e-004 5.892303e-005 1.009028e+000
0.000000e+000 0.000000e+000 0.000000e+000 0.000000e+000 0.000000e+000 0.000000e+000 0.000000e+000 0.000000e+000 0.000000e+000
0.0000000000000000e+000
0
0
1 2
7.865106e-001 2.603989e-001 -1.052087e+001 -1.412200e-001 8.255824e-001 -2.576214e+000 -6.041881e-004 -1.594716e-005 1.000000e+000
0.000000e+000 0.000000e+000 0.000000e+000 0.000000e+000 0.000000e+000 0.000000e+000 0.000000e+000 0.000000e+000 0.000000e+000
6.5317919075144504e-001
113
0
1 3
7.903550e-001 2.489255e-001 -3.464349e+001 -3.270188e-001 9.083130e-001 2.548160e+001 -1.088344e-003 -5.034591e-004 1.000000e+000
0.000000e+000 0.000000e+000 0.000000e+000 0.000000e+000 0.000000e+000 0.000000e+000 0.000000e+000 0.000000e+000 0.000000e+000
6.8181818181818177e-001
30
0
1 5
8.702199e-001 -4.403210e-001 9.991747e+001 2.091274e-001 9.393470e-001 2.409925e+001 5.160745e-004 -2.851988e-004 1.000000e+000
0.000000e+000 0.000000e+000 0.000000e+000 0.000000e+000 0.000000e+000 0.000000e+000 0.000000e+000 0.000000e+000 0.000000e+000
5.1485148514851486e-001
52
0
1 7
9.135562e-001 -7.650617e-002 -3.046768e-001 7.302514e-002 9.824870e-001 -4.932391e+001 1.908128e-004 -3.994876e-004 1.000000e+000
0.000000e+000 0.000000e+000 0.000000e+000 0.000000e+000 0.000000e+000 0.000000e+000 0.000000e+000 0.000000e+000 0.000000e+000
7.1180555555555558e-001
205
0
1 8
9.527844e-001 -5.172431e-003 2.905952e+001 1.240516e-001 7.433191e-001 -5.753113e+001 1.454748e-004 -8.456763e-004 1.000000e+000
0.000000e+000 0.000000e+000 0.000000e+000 0.000000e+000 0.000000e+000 0.000000e+000 0.000000e+000 0.000000e+000 0.000000e+000
4.9122807017543857e-001
28
0
1 9
1.009249e+000 -1.184015e-001 -2.837155e+001 2.637634e-001 9.410478e-001 4.001534e+001 -3.617947e-004 1.032068e-003 1.000000e+000
0.000000e+000 0.000000e+000 0.000000e+000 0.000000e+000 0.000000e+000 0.000000e+000 0.000000e+000 0.000000e+000 0.000000e+000
6.6304347826086951e-001
122
0
1 10
1.068691e+000 -4.240632e-002 7.941276e+001 1.609441e-001 1.028408e+000 1.009651e+002 2.933223e-004 9.613378e-004 1.000000e+000
0.000000e+000 0.000000e+000 0.000000e+000 0.000000e+000 0.000000e+000 0.000000e+000 0.000000e+000 0.000000e+000 0.000000e+000
7.1264367816091956e-001
62
0
2 0
1.294508e+000 -3.441987e-001 5.019820e+001 3.241302e-001 1.055051e+000 1.278998e+001 1.917997e-003 -4.472946e-004 1.074388e+000
0.000000e+000 0.000000e+000 0.000000e+000 0.000000e+000 0.000000e+000 0.000000e+000 0.000000e+000 0.000000e+000 0.000000e+000
0.0000000000000000e+000
0
0
2 1
1.211885e+000 -3.820163e-001 1.176592e+001 2.095942e-001 1.145257e+000 5.155540e+000 7.355490e-004 -2.125461e-004 1.007191e+000
0.000000e+000 0.000000e+000 0.000000e+000 0.000000e+000 0.000000e+000 0.000000e+000 0.000000e+000 0.000000e+000 0.000000e+000
0.0000000000000000e+000
0
0
2 3
8.858614e-001 2.358527e-001 -1.504246e+001 -1.534977e-001 1.117704e+000 2.599839e+001 -8.237249e-004 -1.451715e-004 1.000000e+000
0.000000e+000 0.000000e+000 0.000000e+000 0.000000e+000 0.000000e+000 0.000000e+000 0.000000e+000 0.000000e+000 0.000000e+000
5.9803921568627449e-001
61
0
2 5
1.293251e+000 -6.380559e-001 1.258733e+002 4.830021e-001 1.044502e+000 3.438011e+001 1.666815e-003 -9.922718e-004 1.000000e+000
0.000000e+000 0.000000e+000 0.000000e+000 0.000000e+000 0.000000e+000 0.000000e+000 0.000000e+000 0.000000e+000 0.000000e+000
7.4285714285714288e-001
26
0
2 7
1.057658e+000 -4.223961e-001 1.023425e+001 2.465761e-001 1.109311e+000 -4.547202e+001 8.186431e-004 -8.699105e-004 1.000000e+000
0.000000e+000 0.000000e+000 0.000000e+000 0.000000e+000 0.000000e+000 0.000000e+000 0.000000e+000 0.000000e+000 0.000000e+000
7.1999999999999997e-001
72
0
2 8
1.387902e+000 -2.433659e-001 5.573706e+001 1.022108e-001 1.897416e+000 -6.603086e+001 3.392668e-004 -7.034510e-003 1.000000e+000
0.000000e+000 0.000000e+000 0.000000e+000 0.000000e+000 0.000000e+000 0.000000e+000 0.000000e+000 0.000000e+000 0.000000e+000
4.4000000000000000e-001
11
0
2 9
1.323632e+000 -2.885632e-001 -3.956234e+000 5.571069e-001 1.105850e+000 5.403211e+001 4.824993e-004 -2.091223e-004 1.000000e+000
0.000000e+000 0.000000e+000 0.000000e+000 0.000000e+000 0.000000e+000 0.000000e+000 0.000000e+000 0.000000e+000 0.000000e+000
7.2222222222222221e-001
52
0
2 10
1.357030e+000 -3.068147e-001 9.933716e+001 2.924397e-001 1.095376e+000 1.014244e+002 1.871384e-003 3.748822e-004 1.000000e+000
0.000000e+000 0.000000e+000 0.000000e+000 0.000000e+000 0.000000e+000 0.000000e+000 0.000000e+000 0.000000e+000 0.000000e+000
6.7391304347826086e-001
31
0
3 0
1.153997e+000 -3.421642e-001 7.946329e+001 4.293700e-001 9.126566e-001 -3.360352e+000 2.197126e-003 1.883397e-004 1.124703e+000
0.000000e+000 0.000000e+000 0.000000e+000 0.000000e+000 0.000000e+000 0.000000e+000 0.000000e+000 0.000000e+000 0.000000e+000
0.0000000000000000e+000
0
0
3 1
1.207931e+000 -3.035543e-001 4.958199e+001 3.924661e-001 9.869819e-001 -1.155348e+001 1.512235e-003 1.665336e-004 1.048146e+000
0.000000e+000 0.000000e+000 0.000000e+000 0.000000e+000 0.000000e+000 0.000000e+000 0.000000e+000 0.000000e+000 0.000000e+000
0.0000000000000000e+000
0
0
3 2
1.109889e+000 -2.312543e-001 2.270771e+001 1.307173e-001 8.644445e-001 -2.050786e+001 9.332197e-004 -6.499725e-005 1.015728e+000
0.000000e+000 0.000000e+000 0.000000e+000 0.000000e+000 0.000000e+000 0.000000e+000 0.000000e+000 0.000000e+000 0.000000e+000
0.0000000000000000e+000
0
0
3 4
1.054039e+000 2.111179e-001 1.330080e+000 -1.789565e-001 1.272067e+000 -2.235493e+001 -7.611601e-004 3.299407e-004 1.000000e+000
0.000000e+000 0.000000e+000 0.000000e+000 0.000000e+000 0.000000e+000 0.000000e+000 0.000000e+000 0.000000e+000 0.000000e+000
5.0666666666666671e-001
38
0
3 5
9.564831e-001 -5.254436e-001 1.424723e+002 5.920054e-001 8.930466e-001 2.329020e+001 2.644746e-003 -1.635801e-003 1.000000e+000
0.000000e+000 0.000000e+000 0.000000e+000 0.000000e+000 0.000000e+000 0.000000e+000 0.000000e+000 0.000000e+000 0.000000e+000
9.0909090909090906e-001
20
0
3 7
1.307053e+000 -3.138044e-001 6.204602e+001 3.594932e-001 9.061926e-001 -5.729946e+001 2.339766e-003 -2.063896e-003 1.000000e+000
0.000000e+000 0.000000e+000 0.000000e+000 0.000000e+000 0.000000e+000 0.000000e+000 0.000000e+000 0.000000e+000 0.000000e+000
6.5517241379310343e-001
19
0
3 9
1.158581e+000 -3.887704e-001 2.449506e+001 5.658072e-001 8.555615e-001 3.481200e+001 1.611754e-003 1.344229e-003 1.000000e+000
0.000000e+000 0.000000e+000 0.000000e+000 0.000000e+000 0.000000e+000 0.000000e+000 0.000000e+000 0.000000e+000 0.000000e+000
6.3157894736842102e-001
12
0
4 3
9.196912e-001 -1.514407e-001 -4.608710e+000 1.408691e-001 7.583942e-001 1.676648e+001 6.535538e-004 -3.654957e-004 9.909601e-001
0.000000e+000 0.000000e+000 0.000000e+000 0.000000e+000 0.000000e+000 0.000000e+000 0.000000e+000 0.000000e+000 0.000000e+000
0.0000000000000000e+000
0
0
4 7
0.000000e+000 0.000000e+000 0.000000e+000 0.000000e+000 0.000000e+000 0.000000e+000 0.000000e+000 0.000000e+000 0.000000e+000
0.000000e+000 0.000000e+000 0.000000e+000 0.000000e+000 0.000000e+000 0.000000e+000 0.000000e+000 0.000000e+000 0.000000e+000
0.0000000000000000e+000
0
0
5 0
9.834888e-001 1.446359e-001 -8.661638e+001 -9.690878e-002 9.034318e-001 -6.905468e+000 -3.859673e-004 -3.719760e-005 1.033663e+000
0.000000e+000 0.000000e+000 0.000000e+000 0.000000e+000 0.000000e+000 0.000000e+000 0.000000e+000 0.000000e+000 0.000000e+000
0.0000000000000000e+000
0
0
5 1
1.105876e+000 4.813117e-001 -1.220955e+002 -2.298779e-001 9.567865e-001 -8.902084e-002 -6.362751e-004 2.448168e-005 1.062985e+000
0.000000e+000 0.000000e+000 0.000000e+000 0.000000e+000 0.000000e+000 0.000000e+000 0.000000e+000 0.000000e+000 0.000000e+000
0.0000000000000000e+000
0
0
5 2
7.776226e-001 3.699567e-001 -1.106011e+002 -3.069039e-001 7.811033e-001 1.177658e+001 -1.600685e-003 1.584176e-004 1.196037e+000
0.000000e+000 0.000000e+000 0.000000e+000 0.000000e+000 0.000000e+000 0.000000e+000 0.000000e+000 0.000000e+000 0.000000e+000
0.0000000000000000e+000
0
0
5 3
1.340064e+000 4.207915e-001 -2.007223e+002 -7.633418e-001 8.342511e-001 8.932518e+001 -4.792805e-003 2.517822e-004 1.676978e+000
0.000000e+000 0.000000e+000 0.000000e+000 0.000000e+000 0.000000e+000 0.000000e+000 0.000000e+000 0.000000e+000 0.000000e+000
0.0000000000000000e+000
0
0
5 6
6.174011e-001 -3.303051e-001 3.414818e+001 2.344765e-001 9.137106e-001 -1.286142e+001 2.860950e-004 -2.370234e-004 1.000000e+000
0.000000e+000 0.000000e+000 0.000000e+000 0.000000e+000 0.000000e+000 0.000000e+000 0.000000e+000 0.000000e+000 0.000000e+000
5.4385964912280704e-001
31
0
5 7
1.057051e+000 3.624796e-001 -1.089293e+002 -8.106986e-002 9.122777e-001 -5.950929e+001 -6.490862e-004 -5.770817e-004 1.000000e+000
0.000000e+000 0.000000e+000 0.000000e+000 0.000000e+000 0.000000e+000 0.000000e+000 0.000000e+000 0.000000e+000 0.000000e+000
4.9473684210526314e-001
47
0
5 8
0.000000e+000 0.000000e+000 0.000000e+000 0.000000e+000 0.000000e+000 0.000000e+000 0.000000e+000 0.000000e+000 0.000000e+000
0.000000e+000 0.000000e+000 0.000000e+000 0.000000e+000 0.000000e+000 0.000000e+000 0.000000e+000 0.000000e+000 0.000000e+000
0.0000000000000000e+000
0
0
5 9
1.139465e+000 1.652117e-001 -1.432962e+002 -9.883697e-003 6.494679e-001 1.165193e+001 -3.853811e-003 -4.276639e-004 1.000000e+000
0.000000e+000 0.000000e+000 0.000000e+000 0.000000e+000 0.000000e+000 0.000000e+000 0.000000e+000 0.000000e+000 0.000000e+000
8.0645161290322576e-001
25
0
6 0
1.189411e+000 1.627729e+000 -1.577914e+000 -6.475455e-001 6.939302e-001 1.779201e+001 5.500540e-004 6.480097e-004 9.981478e-001
0.000000e+000 0.000000e+000 0.000000e+000 0.000000e+000 0.000000e+000 0.000000e+000 0.000000e+000 0.000000e+000 0.000000e+000
0.0000000000000000e+000
0
0
6 5
1.445304e+000 5.113785e-001 -4.277744e+001 -3.779755e-001 9.643666e-001 2.531030e+001 -5.030832e-004 8.227462e-005 1.018238e+000
0.000000e+000 0.000000e+000 0.000000e+000 0.000000e+000 0.000000e+000 0.000000e+000 0.000000e+000 0.000000e+000 0.000000e+000
0.0000000000000000e+000
0
0
6 8
1.745083e+000 1.361259e+000 -1.317444e+002 -3.977771e-001 6.984671e-001 -4.249961e+001 -1.506819e-003 -1.989119e-003 1.000000e+000
0.000000e+000 0.000000e+000 0.000000e+000 0.000000e+000 0.000000e+000 0.000000e+000 0.000000e+000 0.000000e+000 0.000000e+000
5.8823529411764708e-001
10
0
7 0
9.802093e-001 -1.263159e-001 1.444613e+001 7.177632e-002 9.897961e-001 5.935014e+001 4.793732e-004 8.375964e-004 1.059541e+000
0.000000e+000 0.000000e+000 0.000000e+000 0.000000e+000 0.000000e+000 0.000000e+000 0.000000e+000 0.000000e+000 0.000000e+000
0.0000000000000000e+000
0
0
7 1
1.086749e+000 8.649439e-002 4.597349e+000 -9.305122e-002 1.031250e+000 5.083694e+001 -2.445384e-004 3.954673e-004 1.019431e+000
0.000000e+000 0.000000e+000 0.000000e+000 0.000000e+000 0.000000e+000 0.000000e+000 0.000000e+000 0.000000e+000 0.000000e+000
0.0000000000000000e+000
0
0
7 2
8.628291e-001 3.335102e-001 6.334977e+000 -2.289050e-001 8.463153e-001 4.082634e+001 -9.054760e-004 4.631928e-004 1.030329e+000
0.000000e+000 0.000000e+000 0.000000e+000 0.000000e+000 0.000000e+000 0.000000e+000 0.000000e+000 0.000000e+000 0.000000e+000
0.0000000000000000e+000
0
0
7 3
7.823304e-001 1.844273e-001 -3.797290e+001 -4.900514e-001 1.153619e+000 9.650748e+001 -2.841885e-003 1.949433e-003 1.288029e+000
0.000000e+000 0.000000e+000 0.000000e+000 0.000000e+000 0.000000e+000 0.000000e+000 0.000000e+000 0.000000e+000 0.000000e+000
0.0000000000000000e+000
0
0
7 4
0.000000e+000 0.000000e+000 0.000000e+000 0.000000e+000 0.000000e+000 0.000000e+000 0.000000e+000 0.000000e+000 0.000000e+000
0.000000e+000 0.000000e+000 0.000000e+000 0.000000e+000 0.000000e+000 0.000000e+000 0.000000e+000 0.000000e+000 0.000000e+000
0.0000000000000000e+000
0
0
7 5
9.735239e-001 -3.322403e-001 8.627390e+001 1.327288e-001 1.093738e+000 7.954563e+001 7.084964e-004 4.155236e-004 1.101904e+000
0.000000e+000 0.000000e+000 0.000000e+000 0.000000e+000 0.000000e+000 0.000000e+000 0.000000e+000 0.000000e+000 0.000000e+000
0.0000000000000000e+000
0
0
7 8
1.053802e+000 6.896219e-002 3.276470e+001 -4.887398e-002 9.648106e-001 -2.274930e+001 -8.513367e-005 -5.602313e-004 1.000000e+000
0.000000e+000 0.000000e+000 0.000000e+000 0.000000e+000 0.000000e+000 0.000000e+000 0.000000e+000 0.000000e+000 0.000000e+000
6.8707482993197277e-001
101
0
7 9
1.139275e+000 -9.442036e-002 -3.471443e+001 -2.344964e-002 1.102998e+000 1.002637e+002 -5.650362e-004 1.066033e-003 1.000000e+000
0.000000e+000 0.000000e+000 0.000000e+000 0.000000e+000 0.000000e+000 0.000000e+000 0.000000e+000 0.000000e+000 0.000000e+000
6.4705882352941180e-001
55
0
7 10
1.084282e+000 -1.473901e-002 6.860252e+001 1.081437e-001 1.054771e+000 1.489952e+002 -4.291921e-004 1.321921e-003 1.000000e+000
0.000000e+000 0.000000e+000 0.000000e+000 0.000000e+000 0.000000e+000 0.000000e+000 0.000000e+000 0.000000e+000 0.000000e+000
6.0465116279069764e-001
26
0
8 0
9.427430e-001 -1.463615e-001 -1.603365e+001 9.504246e-003 1.191358e+000 7.512505e+001 4.682047e-004 1.143724e-003 1.068812e+000
0.000000e+000 0.000000e+000 0.000000e+000 0.000000e+000 0.000000e+000 0.000000e+000 0.000000e+000 0.000000e+000 0.000000e+000
0.0000000000000000e+000
0
0
8 1
1.058360e+000 -2.956072e-002 -3.245609e+001 -2.017500e-001 1.445175e+000 8.900531e+001 -3.245799e-004 1.226450e-003 1.079991e+000
0.000000e+000 0.000000e+000 0.000000e+000 0.000000e+000 0.000000e+000 0.000000e+000 0.000000e+000 0.000000e+000 0.000000e+000
0.0000000000000000e+000
0
0
8 2
7.374309e-001 -7.653492e-002 -4.615590e+001 -6.413011e-002 7.045309e-001 5.009520e+001 -7.013097e-004 4.981995e-003 1.368054e+000
0.000000e+000 0.000000e+000 0.000000e+000 0.000000e+000 0.000000e+000 0.000000e+000 0.000000e+000 0.000000e+000 0.000000e+000
0.0000000000000000e+000
0
0
8 5
0.000000e+000 0.000000e+000 0.000000e+000 0.000000e+000 0.000000e+000 0.000000e+000 0.000000e+000 0.000000e+000 0.000000e+000
0.000000e+000 0.000000e+000 0.000000e+000 0.000000e+000 0.000000e+000 0.000000e+000 0.000000e+000 0.000000e+000 0.000000e+000
0.0000000000000000e+000
0
0
8 6
4.213327e-001 -7.543695e-001 2.344781e+001 3.169388e-001 1.061390e+000 8.686359e+001 1.265301e-003 9.745333e-004 1.208114e+000
0.000000e+000 0.000000e+000 0.000000e+000 0.000000e+000 0.000000e+000 0.000000e+000 0.000000e+000 0.000000e+000 0.000000e+000
0.0000000000000000e+000
0
0
8 7
9.422834e-001 -8.642082e-002 -3.283965e+001 5.028863e-002 1.045735e+000 2.214205e+001 1.083933e-004 5.784964e-004 1.009609e+000
0.000000e+000 0.000000e+000 0.000000e+000 0.000000e+000 0.000000e+000 0.000000e+000 0.000000e+000 0.000000e+000 0.000000e+000
0.0000000000000000e+000
0
0
8 9
9.302963e-001 -2.794440e-001 -7.476292e+001 -4.253748e-002 1.254492e+000 1.371144e+002 -1.825783e-004 2.375343e-003 1.000000e+000
0.000000e+000 0.000000e+000 0.000000e+000 0.000000e+000 0.000000e+000 0.000000e+000 0.000000e+000 0.000000e+000 0.000000e+000
7.7777777777777779e-001
21
0
9 0
9.017593e-001 -5.939596e-002 5.587248e+001 -1.880209e-001 1.047249e+000 -4.122862e+001 2.653508e-003 -1.029027e-003 1.188826e+000
0.000000e+000 0.000000e+000 0.000000e+000 0.000000e+000 0.000000e+000 0.000000e+000 0.000000e+000 0.000000e+000 0.000000e+000
0.0000000000000000e+000
0
0
9 1
9.741427e-001 9.648885e-002 2.377691e+001 -3.012464e-001 1.081582e+000 -5.182672e+001 6.633465e-004 -1.081358e-003 1.062091e+000
0.000000e+000 0.000000e+000 0.000000e+000 0.000000e+000 0.000000e+000 0.000000e+000 0.000000e+000 0.000000e+000 0.000000e+000
0.0000000000000000e+000
0
0
9 2
6.834792e-001 1.770510e-001 -6.862434e+000 -3.248914e-001 8.109742e-001 -4.510400e+001 -3.977202e-004 8.416586e-005 9.938789e-001
0.000000e+000 0.000000e+000 0.000000e+000 0.000000e+000 0.000000e+000 0.000000e+000 0.000000e+000 0.000000e+000 0.000000e+000
0.0000000000000000e+000
0
0
9 3
7.220934e-001 3.765054e-001 -3.079463e+001 -4.550761e-001 9.991709e-001 -2.363603e+001 -5.521107e-004 -1.949949e-003 1.081406e+000
0.000000e+000 0.000000e+000 0.000000e+000 0.000000e+000 0.000000e+000 0.000000e+000 0.000000e+000 0.000000e+000 0.000000e+000
0.0000000000000000e+000
0
0
9 5
1.719198e+000 -2.730147e-001 2.495357e+002 -9.199686e-002 1.542608e+000 -3.115717e+001 6.586121e-003 -3.924295e-004 1.948339e+000
0.000000e+000 0.000000e+000 0.000000e+000 0.000000e+000 0.000000e+000 0.000000e+000 0.000000e+000 0.000000e+000 0.000000e+000
0.0000000000000000e+000
0
0
9 7
8.916040e-001 5.138993e-002 2.579898e+001 -2.971938e-002 1.002188e+000 -1.015148e+002 5.354703e-004 -1.039328e-003 1.122795e+000
0.000000e+000 0.000000e+000 0.000000e+000 0.000000e+000 0.000000e+000 0.000000e+000 0.000000e+000 0.000000e+000 0.000000e+000
0.0000000000000000e+000
0
0
9 8
1.093223e+000 1.198880e-001 6.529416e+001 2.060198e-002 1.078919e+000 -1.463951e+002 1.506620e-004 -2.540915e-003 1.359660e+000
0.000000e+000 0.000000e+000 0.000000e+000 0.000000e+000 0.000000e+000 0.000000e+000 0.000000e+000 0.000000e+000 0.000000e+000
0.0000000000000000e+000
0
0
9 10
1.061918e+000 -1.339969e-001 1.069722e+002 -5.089673e-002 9.633743e-001 5.702823e+001 6.142746e-004 -1.300128e-004 1.000000e+000
0.000000e+000 0.000000e+000 0.000000e+000 0.000000e+000 0.000000e+000 0.000000e+000 0.000000e+000 0.000000e+000 0.000000e+000
6.8000000000000005e-001
119
0
10 0
8.881368e-001 -2.168513e-003 -4.068774e+001 -8.315732e-002 1.004219e+000 -8.888546e+001 5.485635e-004 -1.028537e-003 1.069704e+000
0.000000e+000 0.000000e+000 0.000000e+000 0.000000e+000 0.000000e+000 0.000000e+000 0.000000e+000 0.000000e+000 0.000000e+000
0.0000000000000000e+000
0
0
10 1
9.414932e-001 1.200425e-001 -8.688668e+001 -1.327595e-001 1.056787e+000 -9.615577e+001 -1.485342e-004 -1.051140e-003 1.117924e+000
0.000000e+000 0.000000e+000 0.000000e+000 0.000000e+000 0.000000e+000 0.000000e+000 0.000000e+000 0.000000e+000 0.000000e+000
0.0000000000000000e+000
0
0
10 2
8.302004e-001 2.701407e-001 -1.098686e+002 -8.058633e-002 9.195354e-001 -8.525809e+001 -1.523414e-003 -8.502545e-004 1.237568e+000
0.000000e+000 0.000000e+000 0.000000e+000 0.000000e+000 0.000000e+000 0.000000e+000 0.000000e+000 0.000000e+000 0.000000e+000
0.0000000000000000e+000
0
0
10 7
8.811534e-001 1.082950e-001 -7.658479e+001 -1.767742e-001 1.144033e+000 -1.583283e+002 6.118658e-004 -1.465842e-003 1.176428e+000
0.000000e+000 0.000000e+000 0.000000e+000 0.000000e+000 0.000000e+000 0.000000e+000 0.000000e+000 0.000000e+000 0.000000e+000
0.0000000000000000e+000
0
0
10 9
1.014633e+000 1.255128e-001 -1.156954e+002 8.980854e-002 1.041200e+000 -6.898480e+001 -6.115872e-004 5.826993e-005 1.062100e+000
0.000000e+000 0.000000e+000 0.000000e+000 0.000000e+000 0.000000e+000 0.000000e+000 0.000000e+000 0.000000e+000 0.000000e+000
0.0000000000000000e+000
0
0
1416
4 0 3 5 8 7 13 1 9
6 0 4 1 4 5 10 7 10 10 2 2 1214
2 0 6 7 1005
2 0 8 7 23
5 0 9 10 0 1 25 9 10 5 14
2 0 10 7 24
5 0 12 5 19 10 5 1 1346 7 26
2 0 13 1 1345
2 0 16 1 1349
4 0 20 1 1351 5 30 9 40
6 0 21 5 28 10 3 1 53 2 43 9 12
3 0 24 1 19 7 43
2 0 30 7 54
2 0 32 1 45
3 0 35 1 36 7 63
4 0 36 6 24 5 41 8 303
2 0 41 7 67
5 0 43 5 49 7 73 10 8 1 86
2 0 45 7 1020
2 0 49 1 71
2 0 52 7 74
2 0 55 5 62
2 0 56 1 79
2 0 58 1 62
3 0 61 7 85 5 1260
5 0 63 7 96 5 89 8 156 3 2012
2 0 70 7 87
2 0 71 1 70
4 0 74 5 84 7 103 8 192
2 0 76 7 105
2 0 77 1 90
5 0 80 1 91 5 97 7 107 10 30
3 0 82 1 95 7 1041
4 0 84 1 102 5 101 7 109
3 0 88 7 124 5 122
2 0 89 1 107
5 0 91 10 40 1 136 7 120 9 44
4 0 98 1 118 7 114 8 1122
3 0 101 1 128 7 119
3 0 104 1 148 7 130
4 0 105 7 134 8 218 1 149
4 0 106 9 47 1 154 10 45
3 0 107 1 123 7 131
3 0 111 5 152 7 144
8 0 113 1 1381 2 132 7 1050 9 1016 10 55 3 154 4 1066
2 0 114 9 54
7 0 115 1 168 5 130 7 147 8 231 10 53 2 137
5 0 116 7 141 8 230 1 164 4 197
4 0 117 5 139 1 174 8 241
4 0 118 5 138 7 150 9 53
5 0 119 1 175 10 64 9 66 7 122
4 0 120 1 140 5 164 7 155
5 0 121 7 156 1 182 2 148 8 252
6 0 122 1 180 7 152 10 62 8 245 2 143
2 0 125 1 184
2 0 130 1 1387
2 0 131 7 164
7 0 134 1 193 7 169 9 68 10 68 5 157 8 268
5 0 144 7 200 9 79 1 212 10 70
2 0 149 7 1062
3 0 154 2 118 9 131
3 0 158 7 195 1 225
2 0 159 9 103
2 0 162 1 230
3 0 163 7 216 9 1032
2 0 168 1 1719
4 0 170 7 205 10 943 1 1395
5 0 171 2 350 10 101 9 126 1 260
5 0 172 9 132 10 99 1 278 7 231
2 0 174 1 1409
2 0 175 5 221
3 0 179 7 225 2 360
4 0 184 10 115 1 303 9 1044
5 0 189 1 256 2 192 3 200 4 191
3 0 199 1 270 2 189
3 0 201 1 242 7 287
4 0 202 1 247 2 151 5 288
3 0 203 1 277 3 190
4 0 204 3 175 7 311 5 308
3 0 209 1 276 2 187
2 0 211 2 177
3 0 213 3 229 1 337
2 0 217 1 286
3 0 218 1 287 2 191
2 0 220 1 315
3 0 223 2 164 8 917
3 0 224 3 174 2 171
4 0 226 3 184 2 176 5 283
2 0 228 1 283
2 0 229 1 288
3 0 232 1 294 2 174
3 0 234 1 325 7 318
2 0 236 7 387
2 0 238 1 305
7 0 241 1 322 6 315 7 332 8 403 5 319 4 275
2 0 242 5 313
2 0 243 1 359
2 0 244 7 363
3 0 246 1 326 5 322
2 0 251 1 332
3 0 253 7 336 8 405
3 0 258 5 328 1 345
2 0 263 5 335
3 0 264 2 244 5 345
3 0 265 5 338 2 279
3 0 266 1 351 2 254
2 0 267 5 329
2 0 269 5 1327
5 0 271 1 324 5 389 7 360 8 435
6 0 273 2 236 5 353 1 341 7 356 8 437
2 0 275 5 355
3 0 278 1 340 7 384
4 0 279 1 346 7 374 8 453
5 0 283 1 412 2 322 9 210 5 346
3 0 284 2 323 1 1436
3 0 285 5 392 9 276
5 0 286 1 371 7 386 8 454 5 393
2 0 287 5 390
3 0 289 1 411 5 349
4 0 293 1 362 10 135 9 280
5 0 294 1 378 5 395 9 274 2 260
2 0 295 2 287
3 0 296 1 1432 5 1648
2 0 299 2 319
2 0 303 2 314
2 0 304 1 420
4 0 306 5 420 7 383 10 710
2 0 309 10 116
5 0 310 1 426 9 229 5 358 7 420
2 0 311 1 385
4 0 312 1 397 5 405 2 277
2 0 313 5 399
3 0 314 2 331 9 241
2 0 315 1 434
2 0 317 1 431
8 0 318 1 437 3 291 5 372 7 425 9 242 2 344 4 346
7 0 319 5 417 7 400 10 155 1 410 8 474 9 311
2 0 320 1 430
2 0 321 1 436
6 0 323 1 409 2 299 7 401 9 315 10 164
7 0 328 1 417 5 433 7 415 9 329 10 162 2 291
8 0 329 1 443 5 411 7 437 2 1294 3 281 9 261 4 334
6 0 334 1 453 2 388 7 438 9 262 5 400
3 0 336 2 387 7 440
7 0 339 1 458 2 381 3 337 7 442 9 270 10 158
8 0 340 1 451 2 384 5 408 7 443 9 271 10 151 8 539
9 0 342 1 456 2 378 3 325 5 414 9 278 10 156 7 448 8 544
8 0 343 1 457 2 380 3 336 5 415 7 445 9 275 10 157
2 0 344 5 440
6 0 347 1 467 2 377 9 302 10 166 7 469
7 0 348 7 456 9 291 10 167 1 460 2 370 3 320
6 0 349 1 476 2 396 3 352 7 457 9 287
2 0 351 9 298
2 0 352 5 428
7 0 353 1 475 2 394 3 340 5 423 7 466 9 292
2 0 357 10 974
2 0 358 9 303
5 0 359 7 459 2 416 9 299 10 189
5 0 360 10 172 9 312 1 473 5 438
5 0 361 2 386 7 480 9 1091 10 722
5 0 362 7 471 9 308 10 180 1 479
7 0 363 2 401 7 472 9 1088 10 187 5 1346 1 483
6 0 364 2 412 7 467 5 1344 1 495 9 304
6 0 365 1 1452 2 407 7 473 9 313 10 193
4 0 366 1 493 7 474 9 314
8 0 367 1 494 2 411 3 361 5 426 7 475 9 310 10 188
3 0 370 5 441 1 486
5 0 371 1 491 2 404 7 484 9 1094
5 0 372 1 481 9 322 2 383 10 178
7 0 373 2 406 5 439 9 326 3 357 7 486 10 192
8 0 377 2 398 5 449 7 492 9 335 10 196 1 499 3 342
6 0 378 1 1453 2 400 3 343 7 493 9 328
3 0 382 9 334 10 194
3 0 384 1 506 2 399
4 0 385 1 508 2 415 9 330
3 0 388 9 339 10 195
6 0 389 2 439 5 446 9 338 7 500 1 516
2 0 390 2 442
4 0 393 1 524 2 437 7 502
3 0 394 1 523 9 343
2 0 396 1 528
8 0 397 2 446 3 393 5 456 7 512 1 539 9 351 10 216
3 0 399 1 527 5 458
2 0 402 5 466
5 0 403 1 534 7 520 9 360 10 215
7 0 404 1 549 2 466 3 412 7 516 9 361 10 223
6 0 406 1 548 2 465 9 364 7 521 10 225
2 0 410 9 381
4 0 411 3 387 5 471 9 374
2 0 412 2 454
3 0 413 1 1475 3 404
5 0 417 2 472 3 419 1 564 7 536
3 0 426 10 241 7 543
2 0 428 10 230
4 0 429 2 467 9 395 10 752
3 0 430 3 445 7 1152
2 0 433 1 561
6 0 434 2 491 3 438 7 553 9 405 1 584
3 0 437 1 573 9 409
3 0 438 7 558 3 408
2 0 439 1 595
2 0 442 10 248
3 0 443 2 1344 10 757
8 0 447 2 481 3 425 9 1126 10 760 1 583 7 567 8 634
3 0 449 3 477 2 517
8 0 452 5 506 9 424 10 260 2 477 1 591 3 418 7 566
7 0 453 1 607 3 456 5 499 9 425 10 265 2 500
5 0 454 1 588 5 513 9 429 10 259
8 0 455 1 589 9 1129 2 476 5 514 7 571 8 647 10 758
3 0 456 1 590 9 431
2 0 458 9 437
3 0 459 2 525 3 485
8 0 460 5 523 3 424 1 606 2 483 9 441 10 268 7 577
8 0 462 2 516 5 510 7 579 9 444 1 609 3 468 10 271
3 0 463 9 446 10 762
7 0 464 1 605 5 528 7 582 9 451 10 270 2 482
6 0 465 7 578 9 452 2 494 3 439 5 509
6 0 466 3 478 1 619 7 580 8 650 9 1132
2 0 467 3 491
8 0 469 1 621 2 506 3 451 5 531 7 588 9 1135 10 280
5 0 470 1 626 2 528 3 488 7 589
4 0 473 9 470 10 276 1 612
3 0 474 1 617 10 769
7 0 475 2 526 3 484 7 592 1 1504 9 465 10 287
7 0 477 1 1503 2 523 7 591 9 468 3 472 10 286
4 0 479 1 611 5 545 10 767
8 0 480 1 624 5 546 9 1138 10 283 7 595 2 498 8 657
5 0 483 7 523 1 683 2 861 8 520
6 0 484 1 1502 9 1140 10 772 2 1353 5 1384
5 0 485 5 551 9 1142 10 1013 1 648
3 0 486 1 698 7 534
6 0 489 2 515 7 600 1 644 5 547 9 478
4 0 490 1 577 5 574 7 569
4 0 491 5 559 9 480 10 775
9 0 494 1 575 2 405 6 666 7 576 5 582 8 585 10 300 9 1156
2 0 497 5 504
2 0 498 5 563
3 0 502 1 678 7 630
3 0 504 1 677 7 629
7 0 511 2 566 5 568 9 517 10 306 1 681 7 635
7 0 512 5 566 7 633 9 512 10 310 2 1015 1 675
2 0 514 5 565
4 0 516 1 685 9 520 10 315
8 0 517 1 695 5 570 8 710 9 521 10 316 2 580 7 650
7 0 520 1 1519 2 565 9 523 7 648 5 571 10 323
8 0 521 1 694 3 542 10 320 8 708 2 578 9 527 7 649
6 0 524 1 692 7 647 9 530 10 322 2 564
2 0 525 1 700
10 0 528 1 1846 3 514 5 581 7 655 8 719 9 1444 2 1365 4 495 10 1196
2 0 529 9 538
5 0 532 1 705 9 544 2 563 10 328
3 0 534 1 665 9 577
6 0 535 1 715 2 596 9 554 3 552 7 659
8 0 540 1 712 2 567 5 584 9 569 3 521 7 664 8 1235
2 0 544 7 646
3 0 545 5 599 2 527
5 0 547 1 673 7 654 8 691 9 589
4 0 551 1 710 5 604 7 663
3 0 554 5 572 9 573
5 0 555 1 708 5 615 10 361 9 599
5 0 556 5 618 7 674 1 714 9 602
6 0 558 7 681 10 369 1 725 5 623 9 618
6 0 562 5 627 7 682 9 614 10 368 1 726
3 0 563 1 728 10 373
7 0 565 10 1046 9 1475 1 1528 2 577 5 1402 8 705
7 0 568 5 642 7 685 9 1185 10 380 1 729 2 576
3 0 569 2 575 9 631
2 0 571 5 601
5 0 572 1 736 2 602 7 689 5 1411
2 0 574 5 588
2 0 582 2 700
2 0 583 5 608
2 0 584 7 716
2 0 585 1 806
2 0 589 7 722
2 0 590 1 803
2 0 591 1 804
2 0 593 2 737
3 0 596 2 805 1 829
3 0 605 2 758 1 821
2 0 610 1 785
2 0 611 1 844
2 0 612 1 1537
4 0 614 1 746 7 721 9 674
2 0 615 1 781
2 0 616 1 787
3 0 618 1 832 2 785
5 0 623 5 640 1 882 2 849 7 833
2 0 626 2 820
4 0 627 1 872 2 830 3 780
3 0 630 7 853 1 937
3 0 633 1 848 2 783
4 0 637 5 638 7 852 1 953
3 0 640 5 632 1 980
4 0 641 5 633 1 1022 7 918
3 0 645 1 815 7 791
2 0 647 1 1559
2 0 648 5 641
3 0 656 6 551 5 670
2 0 660 5 673
2 0 663 5 823
3 0 675 5 660 6 539
2 0 679 5 853
2 0 683 5 863
2 0 686 7 856
3 0 687 1 934 2 819
2 0 690 1 864
3 0 696 6 549 5 674
2 0 707 1 869
3 0 708 5 903 1 874
3 0 711 1 880 5 892
2 0 713 1 887
2 0 715 5 871
2 0 717 5 864
2 0 729 6 556
3 0 731 7 901 8 960
2 0 747 2 854
2 0 748 1 942
2 0 753 5 1059
2 0 759 1 919
2 0 769 5 1474
2 0 770 5 910
2 0 773 5 1084
2 0 784 1 939
3 0 795 1 917 5 1016
3 0 811 5 1132 6 1117
4 0 812 7 781 8 744 5 1042
2 0 819 1 1017
2 0 839 1 976
3 0 847 1 931 7 965
2 0 854 5 1146
2 0 857 7 807
2 0 864 2 672
2 0 867 5 985
2 0 870 5 957
4 0 879 7 1001 1 994 8 1025
3 0 887 7 813 5 1163
2 0 888 1 966
2 0 899 5 794
3 0 902 2 688 8 1035
2 0 910 1 993
2 0 917 5 840
2 0 920 1 1016
2 0 928 7 835
3 0 962 1 1104 5 1157
2 0 964 1 1119
2 0 1011 2 1123
3 0 1033 1 1228 5 1209
2 0 1034 1 1237
2 0 1036 2 1131
2 0 1042 1 1614
2 0 1043 1 1217
3 0 1058 2 1033 5 1124
2 0 1063 1 1187
2 0 1064 1 1257
2 0 1069 1 1225
2 0 1071 1 1248
3 0 1072 5 1111 6 778
2 0 1075 1 1223
2 0 1093 1 1281
2 0 1094 5 1217
3 0 1095 5 1195 6 991
3 0 1096 5 1186 6 960
2 0 1099 5 1169
2 0 1100 5 1162
2 0 1103 5 1144
2 0 1104 2 1113
2 0 1113 10 619
3 0 1114 2 1070 6 844
2 0 1123 2 914
2 0 1128 2 1069
2 0 1130 5 1141
2 0 1135 7 789
2 0 1138 5 1199
2 0 1150 2 1121
3 0 1155 7 1009 1 1350
2 0 1156 8 1303
2 0 1159 7 1222
2 0 1160 1 1357
4 0 1161 7 1227 1 1633 8 1100
2 0 1162 7 1021
3 0 1171 7 1035 1 1366
2 0 1174 1 1664
3 0 1178 1 1374 5 1565
2 0 1182 1 141
2 0 1183 1 1379
2 0 1184 5 1273
2 0 1185 1 1382
2 0 1190 5 1587
2 0 1193 1 1688
3 0 1216 1 1723 7 1294
2 0 1219 5 1614
2 0 1227 5 262
2 0 1234 7 1347
5 0 1240 1 1755 7 1108 9 1359 10 952
2 0 1243 8 485
2 0 1244 10 719
9 0 1248 5 1671 8 1179 10 983 6 1584 7 1366 9 1386 1 2031 2 1610
4 0 1249 5 1345 9 283 10 714
2 0 1251 10 715
3 0 1252 9 1085 8 549
4 0 1254 1 1782 2 1309 7 1125
2 0 1255 5 1347
3 0 1258 1 504 5 453
9 0 1259 1 1456 2 1314 9 1098 5 1352 7 495 8 578 10 729 6 386
2 0 1261 10 984
6 0 1266 5 1677 7 1145 9 1388 1 1807 2 1328
3 0 1267 3 378 5 454
3 0 1276 9 1117 8 608
6 0 1277 5 1366 10 999 9 1397 1 1809 7 1390
4 0 1278 1 1474 7 1148 9 1398
4 0 1281 5 498 10 750 7 551
3 0 1285 1 1485 5 490
3 0 1289 9 1410 10 1006
2 0 1291 7 590
4 0 1294 2 1356 3 1294 10 770
6 0 1295 9 1139 1 610 7 616 2 504 8 684
7 0 1297 7 599 9 1421 1 640 2 522 8 664 3 467
6 0 1299 2 520 5 1383 7 601 9 1144 1 639
2 0 1300 10 1014
2 0 1301 1 1484
4 0 1312 2 1370 9 1450 10 1032
5 0 1316 5 1399 7 667 8 699 1 709
2 0 1319 5 1398
2 0 1321 6 474
3 0 1327 5 612 6 537
2 0 1329 6 521
4 0 1331 5 1418 1 1536 7 1176
2 0 1332 6 545
2 0 1334 1 1551
3 0 1336 1 810 2 1412
2 0 1341 1 1567
4 0 1355 1 1574 7 1202 8 1275
2 0 1414 1 1611
2 0 1432 7 1214
2 0 1433 1 1625
4 0 1434 1 1623 7 1212 5 1526
3 0 1437 10 893 1 1961
6 0 1439 7 1220 9 999 3 66 8 1325 1 73
2 0 1451 5 1539
3 0 1453 1 1646 7 1241
2 0 1459 1 1652
6 0 1461 7 1046 9 1259 1 1663 2 1540 8 1361
6 0 1462 7 1490 1 1371 5 1859 9 72 10 35
4 0 1464 1 1658 5 1561 7 1252
2 0 1467 1 1373
3 0 1470 1 1667 6 159
2 0 1471 1 1669
3 0 1473 10 1162 9 1598
4 0 1474 7 1493 10 1161 9 1272
2 0 1477 5 1577
2 0 1478 5 1578
5 0 1490 10 933 1 1697 9 1611 7 1280
2 0 1493 1 1702
2 0 1500 1 1714
2 0 1509 1 2006
2 0 1510 1 1400
2 0 1517 2 1563
6 0 1519 5 1624 1 1704 3 1521 7 1324 8 1428
3 0 1523 1 1722 2 1562
3 0 1527 1 1728 3 1533
2 0 1528 1 1742
2 0 1533 7 1342
4 0 1534 1 1753 2 1281 3 1563
3 0 1538 1 2020 6 1582
6 0 1539 9 1358 1 1751 2 1279 7 1349 8 1455
2 0 1541 10 956
2 0 1543 1 1769
3 0 1545 1 1428 8 464
2 0 1549 5 1664
2 0 1550 9 1375
4 0 1551 1 1771 10 1177 9 1376
4 0 1552 1 2032 7 1370 8 1481
4 0 1557 9 1356 1 1446 8 540
6 0 1559 5 1342 9 1361 10 711 1 1444 7 1119
5 0 1562 1 1785 2 1635 5 1666 9 1646
4 0 1563 3 1244 5 1343 2 1307
2 0 1565 1 1781
4 0 1570 10 982 7 1132 3 1605
5 0 1573 5 1679 7 1372 9 1400 1 1777
3 0 1581 7 1384 9 1390
2 0 1582 8 1469
4 0 1586 1 2047 9 1656 7 1393
2 0 1588 1 1836
2 0 1603 5 1386
7 0 1605 1 1830 2 1677 7 1406 9 1420 10 1015 3 1285
6 0 1607 5 1706 9 1424 10 1186 7 1169 8 663
3 0 1609 5 1719 10 1021
3 0 1611 1 1833 5 1709
2 0 1612 8 1210
2 0 1616 5 1703
2 0 1619 8 1232
3 0 1622 5 1393 3 1312
5 0 1626 5 1714 7 1421 1 2072 9 1678
7 0 1629 1 1518 3 525 9 1161 10 780 5 575 2 559
2 0 1630 10 1197
2 0 1631 5 1718
3 0 1632 1 1847 9 1686
2 0 1638 5 1722
4 0 1644 1 1845 7 1427 2 1360
2 0 1646 6 1277
2 0 1651 1 1865
2 0 1657 10 1065
2 0 1658 2 1749
2 0 1661 5 610
2 0 1667 5 1736
2 0 1668 7 1443
3 0 1672 6 1300 5 1742
2 0 1677 5 1746
2 0 1687 5 1749
2 0 1688 5 1782
2 0 1700 5 1764
2 0 1719 5 1976
2 0 1757 1 1943
2 0 1765 7 1465
2 0 1767 7 1600
2 0 1772 1 1964
4 0 1777 7 1240 1 1637 10 12
2 0 1782 5 1853
2 0 1788 7 1623
2 0 1789 1 1979
4 0 1794 1 2123 5 2002 3 2017
2 0 1798 7 1500
2 0 1813 5 1886
2 0 1815 7 1526
4 0 1830 2 1590 9 1366 1 1760
3 0 1834 5 2040 7 1669
9 0 1835 5 1922 7 1546 10 1180 4 1314 8 1633 1 2179 9 1814 2 1903
2 0 1839 9 1652
3 0 1845 5 1924 10 992
5 0 1846 7 1552 5 2057 8 1638 2 1615
2 0 1852 7 1573
3 0 1853 5 1940 7 1571
3 0 1854 2 1685 3 1642
2 0 1861 10 1190
3 0 1870 1 2067 2 1681
5 0 1871 1 2075 5 1950 7 1581 8 1520
3 0 1873 5 1953 2 1659
2 0 1876 5 2070
2 0 1877 5 1729
2 0 1878 1 1857
2 0 1881 1 1858
4 0 1885 7 1587 5 2074 8 1669
2 0 1888 1 2232
3 0 1892 1 1866 9 1492
2 0 1911 1 2107
2 0 1919 1 2109
6 0 1925 7 1621 10 906 1 1657 2 1509 3 24
3 0 1932 5 2001 7 1627
2 0 1933 7 1634
2 0 1944 5 2012
2 0 1952 2 2040
2 0 1954 7 1649
4 0 1958 2 2035 7 1728 5 2019
2 0 1963 9 1798
6 0 1966 1 2162 5 2102 7 1658 10 1354 2 1578
6 0 1967 1 2164 2 1891 9 1803 7 1659 5 2039
4 0 1974 5 2043 1 2180 2 2056
5 0 1979 1 2178 10 1287 3 1223 8 1756
4 0 1984 9 1823 1 2038 2 1910
4 0 1990 1 2189 7 1674 8 1759
2 0 1995 8 1224
2 0 2002 8 1770
2 0 2007 7 1694
2 0 2010 8 1772
3 0 2011 1 2226 5 2061
3 0 2014 8 1778 1 2228
3 0 2017 1 2230 2 1948
3 0 2018 1 2234 2 1952
3 0 2031 1 2120 2 1861
2 0 2035 5 2082
5 0 2041 7 1719 1 2256 3 2126 8 1799
2 0 2048 7 1735
2 0 2049 1 2269
9 0 2058 1 2281 2 2055 6 1956 9 1906 10 1359 5 2111 7 1743 8 1814
2 0 2069 10 1366
2 0 2070 1 2295
2 1 6 7 16
2 1 7 2 3
2 1 14 7 28
2 1 16 7 30
3 1 20 2 25 3 19
3 1 29 2 24 3 17
3 1 35 9 11 10 1
2 1 39 2 1236
2 1 41 2 30
2 1 49 8 97
2 1 60 9 13
2 1 66 7 59
2 1 68 5 75
2 1 72 7 68
2 1 74 7 64
2 1 80 2 73
2 1 85 2 1237
2 1 87 2 79
2 1 97 2 56
6 1 101 7 89 9 22 5 1252 10 19 6 29
3 1 103 7 91 8 176
2 1 104 10 28
2 1 108 7 100
2 1 115 2 103
3 1 119 5 145 7 136
3 1 124 7 113 9 38
2 1 127 2 62
3 1 129 5 107 7 132
2 1 130 5 124
2 1 133 7 116
3 1 134 2 111 8 203
2 1 150 7 162
2 1 169 7 151
2 1 176 9 61
2 1 183 2 1256
2 1 190 9 67
4 1 191 2 145 3 165 7 184
3 1 192 2 121 5 228
3 1 195 2 127 5 240
3 1 196 7 153 9 74
2 1 198 7 186
4 1 200 7 183 8 283 4 348
2 1 202 2 158
2 1 203 7 163
2 1 204 7 237
2 1 206 7 196
3 1 207 7 244 8 353
3 1 208 5 251 8 347
2 1 210 7 165
2 1 224 10 73
2 1 228 9 117
2 1 235 2 246
2 1 238 2 308
3 1 245 2 154 7 295
3 1 248 9 123 10 89
2 1 253 2 190
2 1 254 8 1155
4 1 258 10 127 2 1286 3 1577
3 1 264 2 201 3 205
2 1 266 2 302
2 1 267 7 218
2 1 274 3 181
3 1 280 9 130 2 361
4 1 285 10 108 2 362 9 139
2 1 289 7 1090
2 1 296 7 285
2 1 298 7 235
2 1 300 7 241
3 1 329 7 266 10 144
2 1 333 2 414
4 1 336 7 351 8 430 6 353
2 1 342 5 337
3 1 348 2 430 7 253
2 1 355 7 385
5 1 356 2 249 7 378 5 375 8 451
2 1 358 5 302
2 1 361 8 326
2 1 363 5 382
2 1 364 5 361
3 1 367 8 487 6 249
2 1 374 7 270
2 1 375 2 433
2 1 376 9 202
3 1 381 2 310 3 263
2 1 388 7 398
4 1 389 7 275 9 222 2 444
2 1 406 2 462
2 1 413 7 410
2 1 416 7 276
2 1 418 9 1092
2 1 428 7 282
2 1 433 9 247
2 1 448 9 257
2 1 452 9 265
4 1 454 2 389 9 259 8 532
2 1 461 9 272
2 1 470 9 279
3 1 474 9 306 10 173
2 1 477 9 448
3 1 478 9 324 10 183
2 1 482 10 185
2 1 487 9 319
3 1 489 2 420 9 293
2 1 501 7 485
2 1 502 7 494
2 1 509 9 320
2 1 514 9 350
2 1 517 9 336
2 1 529 7 508
3 1 533 9 1109 10 740
3 1 545 10 221 2 436
3 1 546 2 445 7 532
3 1 547 7 527 9 367
2 1 554 9 382
3 1 557 9 383 10 232
7 1 558 2 479 7 525 9 370 5 460 8 599 10 229
2 1 563 9 392
7 1 565 3 428 7 537 5 467 2 478 9 1116 10 236
3 1 567 2 468 3 407
2 1 579 9 398
7 1 585 7 544 8 626 9 399 10 252 2 496 5 476
3 1 593 10 261 9 419
5 1 594 2 484 7 563 9 416 3 432
2 1 596 8 443
3 1 598 3 457 9 411
3 1 601 9 438 10 263
2 1 602 10 264
4 1 608 9 426 10 266 7 564
4 1 613 7 573 9 439 10 273
2 1 618 10 277
5 1 625 2 505 5 541 7 596 9 466
3 1 627 10 284 9 454
4 1 628 7 581 9 447 10 282
2 1 629 7 603
3 1 634 9 474 10 292
3 1 635 9 471 10 773
2 1 636 9 472
2 1 651 7 626
3 1 662 8 497 2 782
2 1 663 7 497
2 1 668 9 1172
2 1 670 7 510
2 1 672 9 598
2 1 674 10 307
3 1 679 9 506 10 308
3 1 680 7 628 9 507
2 1 682 2 568
3 1 684 7 657 9 592
4 1 686 3 562 4 571 9 518
3 1 690 9 533 10 321
5 1 693 2 570 3 535 9 1160 5 573
2 1 704 9 549
3 1 706 7 638 9 522
3 1 713 7 539 2 856
2 1 722 7 622
2 1 731 10 381
2 1 732 10 803
5 1 735 5 650 7 688 9 650 10 407
2 1 761 7 703
3 1 765 7 706 8 751
2 1 768 7 710
2 1 769 7 708
2 1 771 7 712
2 1 774 2 667
2 1 777 9 644
2 1 782 2 692
2 1 788 7 744
4 1 793 2 677 7 755 8 802
2 1 813 2 786
3 1 819 7 829 8 854
2 1 840 7 736
2 1 842 7 845
2 1 847 7 846
2 1 852 7 787
2 1 856 7 862
2 1 875 7 879
2 1 876 2 1405
2 1 892 7 893
2 1 898 7 899
2 1 899 7 900
2 1 900 7 871
2 1 901 8 919
3 1 902 2 791 7 865
3 1 912 7 937 8 941
2 1 951 7 981
2 1 952 5 992
3 1 958 2 776 5 967
2 1 960 7 927
2 1 967 2 775
2 1 970 2 840
2 1 975 7 998
3 1 985 7 982 8 1026
2 1 987 7 984
2 1 998 8 1038
2 1 1001 2 870
2 1 1004 7 889
2 1 1010 7 975
2 1 1018 7 997
3 1 1033 2 852 5 855
2 1 1048 7 990
2 1 1057 7 977
2 1 1072 2 878
2 1 1107 2 887
2 1 1127 5 676
2 1 1362 7 61
2 1 1369 7 1025
2 1 1372 7 1257
2 1 1375 7 104
5 1 1384 2 1257 10 687 8 1379 6 340
2 1 1397 7 1071
2 1 1412 9 183
2 1 1423 5 348
2 1 1424 5 1630
2 1 1426 7 267
3 1 1429 5 1650 9 1368
3 1 1441 5 1362 6 488
4 1 1442 7 450 9 1367 8 556
2 1 1443 7 1123
2 1 1448 5 1379
3 1 1450 8 546 9 1364
2 1 1451 8 565
3 1 1457 9 1096 8 570
3 1 1461 9 1100 10 987
3 1 1463 9 1107 10 737
4 1 1464 7 1140 9 1105 10 738
2 1 1469 7 531
4 1 1470 8 607 9 1391 10 994
3 1 1471 10 996 9 1112
4 1 1473 10 743 9 1110 8 598
2 1 1476 2 1336
4 1 1480 2 1339 7 1147 8 613
2 1 1487 9 1121
4 1 1494 5 522 7 587 9 1413
5 1 1495 7 568 9 1131 8 644 10 763
2 1 1496 10 768
3 1 1497 2 488 3 416
3 1 1501 5 1387 7 605
4 1 1517 2 531 9 1176 7 1428
3 1 1524 2 546 8 344
3 1 1527 7 627 5 544
2 1 1535 2 608
2 1 1538 7 1175
2 1 1543 7 1177
2 1 1545 7 711
2 1 1546 7 1179
3 1 1555 7 1194 8 1250
3 1 1566 7 1182 5 585
2 1 1578 7 767
2 1 1579 2 762
2 1 1592 7 917
2 1 1593 2 1439
2 1 1597 2 772
2 1 1608 2 755
2 1 1626 2 1502
2 1 1627 2 1219
4 1 1628 2 1498 7 1216 5 1528
2 1 1634 9 1265
4 1 1670 2 1547 7 1489 3 2026
2 1 1672 7 1256
3 1 1674 2 1531 5 1872
2 1 1675 5 1873
2 1 1680 9 1271
2 1 1685 5 1579
2 1 1690 7 1276
2 1 1700 7 1285
2 1 1703 7 1323
2 1 1707 7 1288
2 1 1715 9 1624
3 1 1716 2 1620 9 1298
2 1 1718 9 1302
2 1 1720 7 1297
2 1 1732 2 1560
2 1 1733 2 1572
2 1 1739 9 1345
3 1 1743 7 1307 9 1328
4 1 1744 7 1346 10 944 8 1448
2 1 1746 7 1318
2 1 1756 5 1638
2 1 1765 7 1357
3 1 1767 2 300 5 1341
2 1 1774 2 1616
3 1 1786 9 1419 2 1300
4 1 1787 5 1675 9 1381 8 1491
2 1 1788 9 1382
3 1 1795 2 1327 9 1378
3 1 1799 2 1317 7 1143
3 1 1802 3 367 7 1144
2 1 1803 2 1323
5 1 1804 7 1385 10 993 9 1649 2 1657
2 1 1805 7 1111
2 1 1811 5 1372
5 1 1813 7 1401 8 1490 10 1187 6 1325
4 1 1814 2 1335 3 1270 7 1149
3 1 1817 9 1404 10 1003
2 1 1821 10 1007
2 1 1825 7 1161
3 1 1827 8 1221 7 1166
2 1 1828 9 1417
2 1 1829 7 1404
2 1 1840 7 1424
2 1 1848 7 1418
2 1 1851 9 1468
4 1 1852 7 1425 9 1166 3 1665
2 1 1856 7 1409
2 1 1861 2 586
2 1 1880 7 1186
2 1 1889 3 1368
2 1 1896 2 1777
2 1 1900 2 1783
2 1 1901 7 1453
2 1 1905 5 609
2 1 1958 2 1844
3 1 1962 5 1846 7 1603
2 1 1968 9 1595
2 1 1973 5 1856
2 1 1976 7 1619
2 1 1989 7 1492
2 1 1991 7 1498
2 1 1992 8 1593
3 1 1994 2 1538 9 1623
3 1 1995 8 1598 7 1274
3 1 1998 2 1872 3 1513
2 1 1999 2 1543
3 1 2005 9 1612 2 1900
2 1 2011 9 1613
2 1 2017 9 1781
2 1 2023 5 1896
2 1 2024 5 1914
3 1 2027 7 1314 8 1420
3 1 2029 7 1545 8 1636
2 1 2043 2 1643
2 1 2048 8 1427
3 1 2050 7 1567 4 452
2 1 2051 5 1934
2 1 2053 5 1697
2 1 2058 8 1646
4 1 2062 2 1682 7 1410 8 1230
2 1 2082 7 1580
2 1 2096 7 1459
2 1 2108 9 1258
2 1 2110 2 2012
3 1 2112 7 1616 2 1848
2 1 2113 7 1612
4 1 2114 7 1614 8 1708 2 1860
2 1 2115 7 1482
3 1 2131 7 1631 8 1724
2 1 2132 2 2025
2 1 2144 7 1637
2 1 2146 2 2030
2 1 2147 9 1772
2 1 2148 2 1894
2 1 2161 7 1656
2 1 2165 5 2032
2 1 2175 9 1355
2 1 2183 7 1673
4 1 2215 2 2072 7 1696 5 2064
2 1 2218 8 1774
2 1 2219 8 1661
2 1 2223 7 1688
2 1 2236 2 1960
3 1 2249 2 2120 3 2124
2 1 2252 2 2122
2 1 2258 7 1720
2 1 2259 7 1718
2 1 2262 7 1724
2 1 2264 7 1721
2 1 2267 7 1725
4 1 2274 7 1737 9 1896 5 2104
2 1 2275 2 2052
2 1 2282 2 2060
5 1 2290 5 2116 9 1916 10 1362 2 1931
2 2 15 3 13
2 2 18 3 12
2 2 29 7 1022
2 2 72 3 78
2 2 104 3 82
2 2 112 3 122
3 2 115 3 136 4 1065
3 2 116 3 137 4 211
3 2 119 3 143 4 1069
3 2 149 5 284 9 191
2 2 152 10 91
2 2 153 7 294
3 2 182 7 365 8 434
2 2 219 3 289
2 2 223 3 1232
2 2 227 10 138
2 2 247 8 472
2 2 248 7 375
3 2 290 7 230 10 133
3 2 292 9 327 10 163
2 2 296 3 283
2 2 297 3 284
2 2 307 10 134
2 2 328 8 510
3 2 336 9 195 10 147
4 2 339 9 230 7 259 10 718
3 2 343 7 489 8 528
2 2 345 7 264
4 2 347 3 333 9 237 7 273
3 2 348 10 159 9 216
5 2 364 3 358 10 199 4 1124 9 263
4 2 366 7 464 3 312 5 434
2 2 367 7 465
2 2 376 3 319
3 2 391 7 499 10 1183
2 2 395 8 533
3 2 428 7 515 9 353
2 2 431 5 457
2 2 448 7 538
2 2 449 9 349
2 2 451 3 490
3 2 456 8 632 7 562
3 2 463 3 400 5 488
2 2 469 10 234
3 2 486 7 1168 8 656
4 2 492 7 549 5 482 8 625
2 2 495 7 1151
2 2 499 3 452
2 2 501 8 667
5 2 503 3 466 7 559 10 262 9 412
2 2 524 3 476
3 2 590 3 565 10 311
2 2 697 8 940
2 2 701 7 477
2 2 702 7 488
2 2 712 7 449
3 2 774 3 669 5 1215
2 2 804 3 681
2 2 898 3 874
2 2 987 3 908
2 2 995 3 896
2 2 1025 3 861
2 2 1049 3 888
2 2 1094 10 890
2 2 1153 8 1431
2 2 1164 3 1067
3 2 1165 3 1085 9 1208
2 2 1194 3 1109
2 2 1196 3 1092
2 2 1201 3 1133
2 2 1218 7 1221
2 2 1247 3 1511
2 2 1252 3 1519
2 2 1283 3 1220
2 2 1287 3 1582
2 2 1289 10 708
2 2 1295 7 1084
2 2 1319 7 1082
3 2 1324 7 1133 8 590
2 2 1330 10 744
2 2 1331 10 741
2 2 1348 3 1275
3 2 1352 5 1390 9 1430
2 2 1355 10 1010
3 2 1369 3 1320 10 778
2 2 1377 3 1317
2 2 1463 8 442
2 2 1534 3 1491
4 2 1536 3 1492 7 1268 4 1037
2 2 1539 9 1615
3 2 1541 3 1507 7 1279
2 2 1584 10 1173
2 2 1603 7 1075
2 2 1650 3 1615
2 2 1654 3 1653
2 2 1661 5 1689
3 2 1684 5 1701 7 1405
3 2 1699 8 725 9 1454
3 2 1700 7 1422 9 1680
3 2 1709 9 1438 10 1023
2 2 1828 3 1827
2 2 1836 3 1405
2 2 1859 9 1767
2 2 1866 3 1499
2 2 1870 9 1621
2 2 1871 3 2023
2 2 1909 9 1301
2 2 1921 7 1562
2 2 1922 7 1558
4 2 1927 7 1686 8 1767 9 1837
2 2 1932 7 1574
2 2 1933 7 1568
2 2 1937 5 1946
2 2 2013 3 2014
3 2 2034 3 2034 8 1809
4 2 2044 3 1893 9 1905 7 1740
2 2 2091 3 2170
2 2 2121 3 2125
2 2 2161 3 2162
2 3 11 4 1238
2 3 14 4 1016
2 3 28 7 1008
2 3 35 4 59
2 3 45 4 1031
2 3 75 4 1039
2 3 101 4 117
2 3 102 9 1001
2 3 114 4 139
2 3 134 4 147
2 3 144 4 152
2 3 157 4 1077
2 3 172 4 171
2 3 185 4 165
2 3 207 9 89
2 3 216 4 1093
2 3 219 4 1325
2 3 220 4 325
2 3 232 4 1074
2 3 282 4 390
2 3 305 4 403
2 3 311 4 355
2 3 315 4 361
2 3 332 7 483
2 3 350 4 379
2 3 351 5 429
2 3 426 5 489
2 3 442 4 1421
2 3 454 4 1168
2 3 493 4 697
2 3 604 4 1227
2 3 626 4 1211
2 3 636 4 531
2 3 638 4 823
2 3 639 4 1214
2 3 662 4 578
2 3 670 5 1405
2 3 677 4 642
2 3 690 4 641
2 3 693 4 657
2 3 694 4 616
2 3 716 4 668
2 3 812 4 802
2 3 814 4 819
2 3 892 4 870
2 3 894 4 918
2 3 913 4 939
2 3 950 4 910
2 3 971 4 937
2 3 988 4 943
2 3 1052 9 743
2 3 1202 4 1293
2 3 1218 4 1082
2 3 1231 4 1352
5 3 1241 7 1115 5 1659 9 1082 8 1188
3 3 1250 9 1089 8 560
2 3 1286 4 1433
2 3 1287 4 1434
2 3 1373 4 1469
2 3 1493 4 1273
3 3 1495 4 1269 7 1264
2 3 1500 4 1270
2 3 1506 4 1272
2 3 1510 7 1504
2 3 1515 4 1279
2 3 1516 4 1536
2 3 1524 4 1546
3 3 1536 7 1326 4 1055
2 3 1588 7 1565
2 3 1639 4 1611
2 3 1640 4 1617
2 3 1662 9 21
2 3 1674 4 1631
2 3 1704 4 1488
2 3 1712 7 1451
2 3 1864 4 1647
2 3 1880 4 1553
2 3 1883 9 1340
2 3 1929 4 1709
2 3 1930 4 1714
2 3 2116 9 1133
2 3 2133 4 1733
2 4 178 7 1328
2 4 184 7 299
2 4 203 7 298
2 4 223 7 260
2 4 233 7 254
2 4 280 7 342
2 4 1064 7 1330
2 5 6 6 9
2 5 11 6 56
2 5 15 6 62
2 5 20 6 68
2 5 24 6 71
2 5 25 7 29
2 5 37 6 94
2 5 42 6 98
2 5 45 8 89
2 5 54 8 100
3 5 57 6 113 8 99
2 5 64 7 65
2 5 68 6 124
2 5 69 7 75
2 5 77 6 54
2 5 80 6 1196
2 5 81 6 141
2 5 119 7 121
2 5 150 8 256
2 5 170 6 223
2 5 184 6 248
2 5 216 6 301
2 5 259 8 402
2 5 263 6 224
2 5 265 7 255
2 5 268 6 228
2 5 320 7 315
2 5 331 7 326
2 5 363 8 181
2 5 371 7 424
2 5 373 7 355
2 5 380 7 362
2 5 435 7 468
2 5 442 7 496
3 5 500 7 557 8 633
2 5 503 9 414
2 5 550 7 618
2 5 552 7 606
3 5 554 6 418 7 639
2 5 556 9 1141
2 5 598 6 529
2 5 643 7 752
2 5 692 6 555
2 5 741 8 1299
2 5 748 6 565
2 5 808 8 730
3 5 874 7 911 8 951
2 5 943 7 946
2 5 962 6 874
2 5 1049 7 956
2 5 1105 6 1110
2 5 1154 6 871
2 5 1159 6 977
2 5 1238 9 997
2 5 1257 6 1444
2 5 1319 7 1091
3 5 1336 7 388 8 468
2 5 1378 6 378
2 5 1414 7 693
2 5 1420 7 1195
2 5 1422 6 760
3 5 1475 7 945 8 957
2 5 1477 6 1387
2 5 1524 7 1472
2 5 1534 6 27
2 5 1536 7 1236
2 5 1601 6 1479
2 5 1633 7 1332
2 5 1660 6 369
2 5 1661 6 350
2 5 1705 6 1261
2 5 1739 7 1431
2 5 1752 6 1623
2 5 1755 7 1433
2 5 1775 6 1311
2 5 1812 6 1709
2 5 1820 6 1341
2 5 1827 6 1750
4 5 1920 9 1370 7 1373 8 1487
2 5 1930 7 1155
2 5 1938 8 690
2 5 1954 8 1507
2 5 1962 6 1846
2 5 2067 6 1960
2 5 2075 6 1974
2 6 57 8 46
2 6 123 8 115
2 6 174 8 177
2 6 247 8 747
2 6 299 8 400
2 6 345 8 423
2 6 1310 8 1196
3 6 1491 8 1387 7 1270
2 6 1564 8 1227
2 6 1760 8 1558
2 6 1772 8 1352
2 7 60 8 96
3 7 83 9 20 10 16
2 7 93 8 182
2 7 95 8 147
2 7 108 8 189
2 7 112 8 187
2 7 139 8 1128
2 7 178 8 272
2 7 233 8 313
2 7 245 8 1158
2 7 258 8 348
2 7 286 8 338
2 7 330 8 399
2 7 345 8 418
2 7 361 8 429
2 7 371 8 395
3 7 389 9 285 10 142
2 7 390 8 455
2 7 404 8 536
2 7 417 8 521
2 7 418 8 524
2 7 503 8 500
2 7 548 10 751
2 7 625 8 368
2 7 641 8 673
2 7 671 8 415
2 7 673 8 702
2 7 713 8 754
2 7 715 8 724
2 7 732 8 514
2 7 747 8 523
2 7 750 8 737
2 7 766 8 841
2 7 769 8 563
2 7 773 8 859
2 7 786 8 1263
3 7 792 8 830 9 1712
2 7 795 8 881
2 7 805 8 810
2 7 824 8 609
2 7 850 8 892
2 7 868 8 908
2 7 869 8 916
2 7 905 8 958
2 7 908 8 676
2 7 920 8 662
2 7 926 8 959
2 7 935 8 681
2 7 943 8 925
2 7 949 8 1005
2 7 957 8 979
2 7 996 8 1002
2 7 1029 8 1354
2 7 1031 8 1124
2 7 1043 8 1127
2 7 1073 9 1310
2 7 1095 8 1165
2 7 1100 8 1346
2 7 1137 9 1389
2 7 1164 8 659
2 7 1172 10 1041
2 7 1187 8 1530
2 7 1190 8 1532
2 7 1246 8 1339
2 7 1303 8 1411
2 7 1309 9 1628
2 7 1351 8 1462
2 7 1356 9 1369
3 7 1388 8 1208 9 1654
2 7 1399 8 1212
2 7 1419 9 1695
2 7 1434 8 1238
2 7 1460 8 1679
2 7 1487 8 1585
2 7 1496 8 1591
2 7 1514 8 1609
2 7 1524 8 1619
2 7 1534 8 1623
2 7 1543 8 1465
2 7 1548 8 1485
2 7 1554 8 1492
2 7 1633 8 1592
2 7 1650 8 1744
2 7 1692 9 1847
2 7 1726 8 1804
2 7 1745 8 1765
2 8 321 9 137
3 8 579 9 1384 10 732
3 8 642 9 1128 10 759
2 8 1185 9 1078
2 8 1650 9 1821
2 9 26 10 9
2 9 31 10 13
2 9 62 10 56
2 9 81 10 63
2 9 125 10 92
2 9 169 10 129
2 9 181 10 140
2 9 211 10 168
2 9 250 10 176
2 9 269 10 131
2 9 307 10 174
2 9 309 10 181
2 9 316 10 165
2 9 317 10 713
2 9 356 10 214
2 9 376 10 233
2 9 403 10 238
2 9 410 10 256
2 9 415 10 249
2 9 443 10 267
2 9 456 10 279
2 9 529 10 313
2 9 537 10 325
2 9 626 10 378
2 9 629 10 379
2 9 633 10 385
2 9 634 10 398
2 9 639 10 400
2 9 640 10 401
2 9 645 10 408
2 9 653 10 413
2 9 659 10 415
2 9 701 10 450
2 9 740 10 586
2 9 792 10 521
2 9 880 10 638
2 9 883 10 627
2 9 887 10 591
2 9 906 10 604
2 9 911 10 645
2 9 977 10 651
2 9 1002 10 668
2 9 1012 10 686
2 9 1020 10 59
2 9 1205 10 878
2 9 1206 10 628
2 9 1226 10 870
2 9 1233 10 874
2 9 1243 10 883
2 9 1246 10 1148
2 9 1250 10 888
2 9 1260 10 897
2 9 1333 10 959
2 9 1348 10 978
2 9 1407 10 1004
2 9 1408 10 299
2 9 1415 10 1011
2 9 1473 10 802
2 9 1484 10 1049
2 9 1486 10 1059
2 9 1558 10 1125
2 9 1562 10 1131
2 9 1568 10 881
2 9 1569 10 1137
2 9 1582 10 1147
2 9 1583 10 1149
2 9 1585 10 904
2 9 1659 10 1002
2 9 1692 10 1201
2 9 1711 10 1218
2 9 1825 10 1301
2 9 1843 10 1312
2 9 1922 10 1368
