0 1
269
21 35
23 30
50 15
54 15
62 44
73 53
86 73
97 82
99 99
111 101
112 104
131 121
133 98
134 118
136 140
142 124
174 178
192 232
209 894
211 289
217 237
223 312
224 306
241 7
252 11
257 357
262 20
291 416
318 455
319 451
321 301
325 459
329 456
335 301
342 349
350 349
351 469
352 488
356 392
361 392
363 391
367 496
369 908
371 502
372 506
389 430
392 126
395 461
397 429
398 444
401 529
406 398
407 142
413 418
414 474
416 497
421 489
422 547
424 175
425 466
442 514
453 532
455 572
456 216
462 525
469 229
470 226
472 549
473 267
475 239
480 279
493 548
497 548
499 311
503 311
505 553
507 296
510 316
512 316
516 336
520 362
525 581
526 583
527 479
535 404
540 580
543 425
546 393
552 594
553 479
556 594
558 447
561 452
568 458
575 601
582 479
586 480
596 491
597 480
600 476
604 600
605 599
606 603
608 633
612 632
615 609
618 510
621 644
622 654
624 619
625 645
629 644
633 657
635 606
639 606
643 660
644 629
650 533
655 618
661 674
665 617
671 541
693 623
705 621
710 656
712 677
717 649
719 554
725 559
729 647
733 642
746 647
751 648
762 676
767 574
773 586
780 687
782 576
783 577
795 715
798 699
818 722
821 601
824 605
826 738
827 712
830 718
839 734
843 737
845 634
846 748
851 650
856 765
857 652
859 658
863 728
865 665
867 771
868 664
874 779
875 671
876 683
877 678
881 779
887 754
890 686
893 689
896 770
902 766
908 789
910 716
911 777
912 705
918 788
922 796
931 799
934 797
938 799
948 37
969 124
980 894
1006 1122
1011 301
1014 1129
1016 1106
1024 932
1028 943
1029 951
1036 866
1039 429
1041 536
1042 936
1045 142
1048 962
1049 492
1055 572
1064 581
1066 973
1071 594
1077 596
1082 598
1085 598
1088 645
1089 657
1095 608
1096 616
1097 541
1098 616
1103 621
1129 722
1130 710
1131 721
1134 728
1136 764
1144 689
1155 1020
1160 865
1163 1026
1170 1029
1182 1251
1221 1096
1222 1122
1230 1106
1233 1135
1238 1139
1243 1145
1246 1145
1247 1114
1254 1153
1258 1154
1261 1038
1263 1238
1267 1238
1292 973
1301 1187
1309 982
1314 541
1315 979
1318 1192
1321 978
1336 993
1355 728
1356 1219
1362 1200
1363 1201
1366 1233
1388 1122
1391 1124
1393 1267
1395 1135
1397 1134
1398 1135
1403 1147
1404 1277
1407 1146
1410 1147
1414 1272
1419 1282
1420 1273
1422 1154
1423 1143
1424 1281
1430 1350
1444 1192
1477 1339
1487 1349
1530 1388
1532 1391
1537 1391
0 2
113
21 56
62 69
111 152
127 149
129 207
133 121
142 196
148 223
280 811
321 263
325 338
335 263
351 352
385 379
401 392
406 337
421 425
442 431
448 431
462 1007
479 1
482 8
485 5
505 444
512 23
519 24
520 37
521 31
522 37
523 33
524 34
526 467
536 59
539 47
546 55
551 678
553 109
557 103
558 94
567 37
593 135
596 119
597 120
600 110
602 561
622 591
624 497
644 504
715 473
719 232
725 233
744 463
747 518
762 517
787 588
795 588
818 569
863 487
866 587
867 603
874 607
881 607
898 605
907 551
908 605
931 624
938 624
939 571
948 70
951 63
960 127
969 196
971 223
973 264
974 242
1000 811
1011 263
1018 324
1026 357
1030 871
1038 718
1068 774
1069 475
1071 486
1082 462
1126 758
1129 569
1131 527
1136 587
1140 607
1148 571
1153 781
1157 680
1164 950
1238 876
1251 401
1260 718
1270 726
1289 771
1290 772
1298 679
1315 750
1336 912
1345 921
1350 576
1360 926
1391 865
1404 990
1409 879
1418 885
1430 1053
1446 912
1451 915
1 2
372
15 12
27 38
34 61
35 56
37 70
39 63
41 72
42 72
44 69
46 82
48 80
53 149
64 104
69 680
71 125
72 122
74 138
83 134
88 137
90 136
98 121
101 152
108 169
109 100
114 169
115 179
118 178
121 197
124 196
144 231
147 225
151 247
162 256
167 225
168 264
169 268
181 106
186 282
204 281
205 298
209 14
214 231
218 14
219 307
222 247
233 687
241 684
265 171
274 171
276 230
287 13
288 17
289 193
297 192
301 263
308 267
311 13
312 202
316 23
319 18
324 24
326 269
334 24
337 302
338 289
346 278
353 324
354 29
355 31
373 297
374 297
382 354
383 39
384 40
385 46
391 303
395 326
398 337
403 53
404 85
410 58
419 65
424 64
425 66
429 387
430 396
432 317
440 318
444 408
447 94
449 332
456 339
458 103
459 338
460 342
461 323
464 415
468 351
469 352
473 357
476 110
477 401
479 109
481 340
483 417
485 355
489 425
491 119
492 740
495 426
496 365
502 362
506 729
507 373
508 126
510 132
511 376
512 431
514 431
515 147
517 429
518 139
519 372
520 436
521 140
525 435
528 386
529 392
530 441
531 156
532 443
534 391
538 156
539 170
540 442
541 187
544 400
545 438
546 449
549 450
553 444
554 232
557 445
558 452
559 233
565 239
566 432
567 453
574 271
575 272
580 447
583 467
588 305
591 308
593 486
594 486
598 462
601 489
603 483
606 457
609 480
610 485
611 485
612 490
614 465
615 525
618 465
619 497
620 329
626 478
628 535
629 504
630 548
631 473
632 560
634 348
635 473
636 494
639 503
640 503
641 564
642 471
646 566
647 473
648 471
649 493
652 360
653 499
654 591
657 583
660 582
667 541
668 495
671 375
676 517
679 501
681 528
682 538
685 511
688 540
694 546
698 604
706 557
711 616
715 588
722 569
724 608
725 615
729 608
731 500
735 626
739 626
743 627
745 520
746 428
748 563
752 576
753 636
754 510
757 576
758 581
764 587
765 597
766 571
770 552
771 603
773 580
776 575
779 607
781 595
782 590
785 571
787 606
789 605
792 609
793 601
794 610
799 624
800 515
801 609
803 550
807 634
809 632
810 635
811 633
812 637
814 638
819 491
820 640
824 507
825 507
826 507
827 482
831 484
832 484
833 519
834 513
837 642
841 542
842 543
843 644
845 647
847 549
849 536
852 579
854 654
859 56
860 680
861 680
863 169
886 684
887 808
900 267
909 843
917 711
920 326
921 709
930 713
934 714
935 718
938 351
939 736
940 869
941 357
942 401
945 726
950 126
951 727
952 729
955 261
961 438
963 743
968 702
971 305
973 475
977 329
979 750
984 477
987 749
991 752
993 912
997 557
1001 636
1005 571
1008 634
1011 549
1014 781
1087 1027
1096 836
1106 845
1110 863
1122 713
1124 865
1126 979
1127 867
1132 718
1136 401
1137 871
1139 876
1140 997
1143 726
1144 740
1146 880
1151 731
1152 880
1154 882
1156 438
1164 822
1165 825
1171 838
1177 895
1178 900
1194 922
1196 868
1197 754
1198 925
1202 918
1207 927
1211 1005
1214 998
1219 1009
1226 929
1243 811
1245 1022
1254 828
1258 1066
1262 975
1263 855
1264 1045
1267 867
1274 997
1277 990
1279 991
1280 991
1282 994
1285 838
1288 895
1303 935
1326 1034
1333 1036
1341 1043
1348 1046
1350 1053
1359 1055
1364 1057
1381 1067
1386 1074
1391 1069
1392 1070
1393 1074
1396 1046
1400 1084
0 3
466
7 29
14 31
16 23
22 26
33 33
37 33
47 51
50 39
54 39
80 54
97 62
109 65
127 75
129 98
131 78
134 80
135 81
139 88
142 91
143 94
148 98
150 92
151 99
156 103
163 123
166 615
169 112
184 117
189 118
198 134
202 121
209 611
213 100
218 126
220 129
222 107
223 105
224 108
231 130
276 152
277 153
278 151
280 637
288 158
290 138
294 139
313 160
318 163
319 163
320 183
322 161
329 177
342 196
343 174
344 189
348 180
350 196
351 181
352 179
356 192
366 188
368 191
372 187
374 859
375 199
378 198
385 195
386 200
387 204
388 212
389 213
394 197
395 202
402 203
417 208
421 228
422 208
424 231
425 232
426 211
428 233
432 232
433 235
435 233
436 230
441 219
443 238
453 240
455 224
456 241
463 245
464 246
467 244
469 250
470 251
473 248
479 255
481 260
482 260
488 258
490 266
491 258
500 265
512 273
518 283
519 278
520 248
521 280
522 248
523 292
524 293
525 296
530 307
531 298
533 302
536 301
537 689
541 311
542 304
545 316
546 315
551 340
554 326
556 327
557 319
558 320
559 324
561 321
564 333
566 338
573 348
575 347
577 348
580 356
586 323
589 366
592 360
595 335
597 323
604 361
605 370
612 368
613 351
615 374
616 377
618 352
619 375
620 377
621 381
622 379
624 377
625 383
629 381
638 396
639 397
642 385
644 398
645 392
650 394
654 400
655 416
662 405
665 433
666 416
671 394
673 412
681 412
682 434
685 421
689 420
692 443
693 435
697 448
702 418
705 444
709 459
710 454
715 733
719 436
725 439
726 456
729 468
730 441
732 472
733 475
737 455
739 463
741 480
742 470
743 479
745 476
746 468
752 481
755 471
759 477
765 483
772 484
773 485
775 473
776 490
778 493
781 497
784 499
786 500
787 497
788 749
792 505
794 507
796 498
797 512
799 510
800 503
801 503
802 517
804 508
806 520
809 514
810 526
816 528
818 526
821 535
824 532
825 539
826 538
827 764
830 544
833 545
834 546
835 540
837 553
839 555
840 551
841 559
843 558
845 548
847 566
849 569
851 554
852 577
854 576
855 557
864 583
950 52
955 57
963 612
966 81
969 608
970 610
974 616
977 82
979 90
980 611
995 131
1000 637
1001 820
1003 630
1004 138
1006 627
1009 847
1013 184
1016 646
1018 196
1021 844
1022 181
1024 863
1028 849
1030 850
1031 859
1032 653
1034 873
1035 204
1039 212
1042 661
1044 666
1049 228
1050 667
1052 233
1053 664
1054 664
1055 224
1058 675
1059 668
1060 900
1063 680
1066 690
1073 704
1074 356
1075 701
1082 711
1083 713
1086 376
1088 712
1089 717
1090 718
1092 718
1095 719
1096 402
1097 394
1098 722
1100 728
1101 437
1102 727
1103 444
1107 459
1108 732
1109 738
1113 479
1114 742
1118 741
1119 743
1120 746
1121 745
1122 473
1123 499
1127 506
1129 526
1131 766
1132 762
1153 780
1158 605
1165 792
1172 809
1173 806
1174 808
1176 794
1177 811
1178 810
1179 811
1189 815
1191 617
1213 836
1222 827
1226 839
1227 842
1229 856
1230 646
1233 844
1235 866
1236 844
1238 851
1240 863
1241 874
1242 848
1243 850
1246 854
1248 859
1250 870
1251 656
1252 653
1255 872
1256 873
1258 867
1260 657
1264 881
1265 1042
1272 232
1275 897
1280 668
1281 895
1284 899
1287 909
1288 685
1289 913
1291 919
1293 921
1297 928
1298 920
1300 932
1301 934
1302 939
1306 938
1311 1072
1313 944
1314 394
1316 948
1317 952
1321 951
1329 738
1330 968
1332 741
1335 974
1336 973
1337 972
1339 975
1340 970
1341 980
1342 978
1343 979
1345 980
1348 986
1365 792
1367 1000
1369 808
1370 810
1372 1007
1373 1001
1375 1103
1376 1008
1388 1012
1389 1016
1391 842
1392 1021
1395 1024
1398 1024
1400 1034
1403 1030
1407 858
1410 1030
1411 1033
1412 1040
1414 1132
1416 1042
1420 1049
1422 1041
1423 1049
1429 895
1430 1058
1434 1065
1435 1071
1436 1069
1437 1075
1438 1077
1440 1079
1441 1080
1444 1079
1445 1086
1448 1088
1451 983
1456 1106
1461 1001
1462 1009
1463 1107
1469 1110
1472 1116
1477 1117
1479 1120
1482 1176
1484 1177
1486 1127
1487 1124
1488 1126
1489 1128
1493 1134
1495 1185
1496 1143
1502 1147
1503 1193
1504 1151
1508 1160
1510 1161
1513 1089
1520 1166
1525 1172
1529 1176
1530 1174
1531 1173
1533 1177
1534 1177
1535 1179
1537 1175
1538 1182
1540 1183
1543 1193
1544 1196
1545 1197
1546 1198
1 3
173
27 20
30 590
35 24
62 36
82 62
83 60
101 63
125 69
126 214
139 69
156 225
160 226
170 613
172 227
175 231
177 230
180 613
185 230
215 242
226 251
229 250
295 256
316 273
349 196
353 866
354 277
355 280
367 131
369 217
370 289
385 289
389 220
392 193
393 315
405 295
419 309
424 308
430 213
446 319
447 320
451 163
452 321
455 163
456 177
458 319
466 232
467 633
468 640
469 640
477 656
478 300
480 323
481 174
489 228
492 228
495 233
502 185
506 187
509 354
510 352
518 363
521 369
532 240
533 394
541 394
545 680
547 208
554 436
559 439
568 441
572 224
586 485
593 326
594 326
598 711
599 370
612 377
613 537
615 344
617 433
618 416
621 444
623 435
625 548
636 437
637 382
645 383
647 468
650 554
651 376
652 556
653 461
654 379
659 434
661 379
662 563
664 572
665 575
666 490
678 575
688 488
706 520
707 501
713 526
718 544
722 526
723 580
734 555
737 558
742 553
743 534
748 570
859 24
861 787
864 805
867 805
871 799
876 230
893 90
894 611
928 650
936 661
937 633
938 640
942 656
943 849
948 708
951 185
952 187
959 651
961 680
975 1075
984 476
997 520
1014 778
1015 1095
1016 1095
1017 1095
1020 784
1092 875
1101 908
1105 888
1106 646
1109 856
1122 1012
1124 837
1127 1118
1129 634
1131 1132
1136 656
1138 853
1139 851
1145 854
1146 1029
1147 1030
1152 1029
1156 680
1187 934
1197 960
1203 979
1209 981
1243 637
1260 856
1272 1132
1279 1125
1280 1125
1289 1158
1335 1177
1339 1117
1344 1131
1348 1184
1382 1172
1385 1177
2 3
50
1 255
7 260
8 260
23 273
33 292
34 293
37 248
38 20
42 590
44 305
46 289
56 24
60 318
63 35
64 308
65 309
94 320
118 345
124 350
132 352
139 363
140 369
196 608
242 616
257 614
264 613
319 178
324 866
338 634
352 640
379 195
425 228
462 711
471 476
477 476
486 326
569 526
584 576
591 379
671 318
672 325
756 982
771 913
774 917
779 318
876 851
880 1029
887 895
989 1138
1048 1124
0 4
179
2 104
13 271
16 144
23 278
38 167
42 293
52 861
54 190
56 348
57 313
82 331
86 348
88 344
99 368
109 358
110 364
111 367
120 384
127 382
131 387
133 343
138 398
139 401
140 309
142 390
144 403
146 421
151 402
155 417
173 266
174 410
190 421
212 878
233 318
251 885
295 498
313 413
318 408
319 409
342 480
343 411
357 414
372 436
385 444
398 524
403 519
408 527
413 507
420 531
428 536
435 536
439 495
468 561
472 562
494 567
525 569
529 571
534 323
545 584
551 360
552 589
554 583
575 602
578 976
587 376
592 388
599 636
606 599
611 648
612 670
617 663
619 673
625 669
628 622
630 701
632 672
633 691
657 419
661 717
670 1179
688 612
707 630
712 700
716 643
717 630
718 716
726 447
731 462
737 448
738 645
739 457
740 458
747 657
752 680
754 750
755 932
761 629
762 661
764 765
766 762
772 476
777 773
778 650
779 690
786 666
799 772
806 709
810 713
811 790
818 729
837 734
841 639
850 768
853 658
856 783
863 664
867 799
869 780
881 809
907 1013
914 817
915 787
934 831
951 293
952 1039
953 1028
965 908
969 908
972 402
974 912
980 1053
1006 914
1028 1105
1031 1108
1047 529
1049 1152
1052 536
1059 1141
1066 573
1069 579
1071 589
1074 1086
1086 997
1087 982
1092 708
1093 631
1105 1122
1117 980
1119 1124
1121 1197
1126 1009
1135 985
1136 1015
1143 1209
1153 1063
1154 1063
1235 1132
1243 1105
1248 1108
1257 1145
1280 1141
1288 959
1292 1162
1301 1180
1306 1173
1307 1190
1312 1191
1320 1122
1324 1270
1338 1211
1355 1185
1358 1203
1360 1310
1361 1212
1403 1264
1410 1264
1418 1348
1419 1348
1531 1387
1 4
130
22 34
37 884
39 293
41 299
44 889
52 313
56 317
60 66
62 328
63 83
69 899
71 344
73 348
90 358
99 368
101 367
104 379
118 385
121 387
124 390
127 82
131 73
147 912
152 48
158 48
181 300
206 150
308 393
312 882
349 480
363 404
382 502
429 950
442 384
445 912
455 408
467 913
476 351
479 402
485 426
492 1152
495 954
499 1126
506 436
507 441
519 437
532 558
544 469
549 562
593 583
594 589
597 587
600 586
609 598
632 670
636 973
641 670
646 673
651 684
657 691
670 981
673 660
681 667
692 689
694 996
706 709
707 1009
713 713
733 703
742 734
764 1015
766 1013
769 746
772 766
774 1013
777 778
785 1013
796 829
810 841
811 1022
814 846
819 724
820 849
823 745
825 745
826 755
828 753
833 774
847 811
849 1018
860 899
894 1053
900 393
901 911
930 914
937 1094
975 1167
976 969
985 1190
986 997
994 1198
999 1016
1007 1207
1035 1026
1070 1048
1085 911
1094 318
1116 1115
1120 1244
1146 1263
1147 1264
1152 1263
1162 1157
1182 1171
1184 1166
1187 1180
1212 1305
1216 1299
1218 1365
1222 1309
1226 1224
1231 1216
1245 1048
1253 1233
1279 1341
1280 1341
1282 1348
1349 1341
1350 1363
1394 1387
2 4
100
3 176
12 190
27 279
38 271
43 298
45 304
56 884
60 323
63 293
69 889
74 332
99 896
102 360
106 300
114 324
122 899
131 395
136 358
176 1053
178 385
180 256
190 264
197 387
205 883
225 912
242 912
267 393
300 404
319 377
321 937
327 937
354 502
372 437
373 441
381 445
385 446
387 950
400 469
410 526
421 1150
426 954
429 539
432 1149
438 550
443 558
448 566
451 957
458 569
459 968
473 609
491 724
507 755
512 623
519 774
523 981
530 998
531 998
532 981
536 1018
538 680
551 1013
564 670
571 1013
576 1014
587 1015
603 1214
622 834
634 836
638 846
640 849
671 323
678 360
713 914
715 1268
728 921
740 1152
741 1153
746 957
747 569
748 1185
755 1200
756 1008
781 1063
790 360
805 1048
806 1047
810 1053
843 1087
880 1263
885 1348
900 1162
904 1302
906 1308
926 1310
980 1113
987 1273
991 1341
994 1348
1053 1363
1084 1407
3 4
91
15 110
20 271
23 144
26 149
35 293
39 190
46 305
56 306
63 367
67 358
81 400
91 390
99 402
119 417
171 420
174 411
178 377
187 436
195 444
229 1141
233 536
297 756
316 584
318 323
353 636
360 388
367 582
370 586
371 646
372 648
375 673
376 684
384 691
389 691
390 701
408 1179
417 1179
437 973
454 647
455 448
461 643
463 457
464 934
471 932
481 680
484 476
493 650
500 666
501 1009
523 532
542 995
543 520
552 725
586 132
588 271
590 278
608 908
616 912
642 1105
668 1141
688 890
690 573
706 648
715 989
718 708
734 934
736 932
743 1124
745 1197
764 995
776 1030
778 1063
780 1063
849 1105
850 1105
859 1108
866 1132
924 332
928 1171
929 1171
934 1180
938 1173
954 1122
969 1124
972 1197
1029 1263
1030 1264
1078 1122
1126 1391
1158 1158
1173 1387
0 5
24
46 211
75 204
105 260
133 95
144 165
149 232
155 167
202 239
204 239
207 558
211 149
216 253
217 254
229 253
295 176
347 153
395 732
418 213
428 202
472 305
969 438
973 440
974 438
979 562
1 5
21
162 171
191 231
232 277
236 230
237 254
242 271
255 253
271 289
414 166
512 445
524 287
532 291
544 374
572 472
598 735
602 735
607 624
646 306
816 59
872 155
1075 574
2 5
21
99 440
115 235
150 437
214 440
225 438
231 440
256 171
257 440
283 440
321 443
343 113
345 443
359 443
382 166
527 300
545 300
555 300
644 436
686 437
722 113
975 512
3 5
19
69 232
88 165
96 177
102 148
106 216
112 185
113 185
121 239
122 186
189 117
190 117
233 202
378 309
379 318
616 438
821 467
966 398
980 570
1197 92
4 5
42
316 199
321 231
327 196
343 95
397 158
401 163
402 162
403 165
410 171
417 171
429 157
484 153
487 153
511 166
513 166
524 203
527 214
529 213
530 223
531 202
535 241
544 240
554 274
562 305
646 270
648 282
673 306
692 320
696 237
697 297
700 237
708 314
717 312
761 300
809 659
908 438
912 162
952 192
997 315
1002 320
1155 573
1325 2
1 6
15
89 633
97 633
183 209
276 127
475 711
525 290
537 611
540 317
546 343
549 340
736 782
740 782
819 8
1166 446
1291 3
2 6
17
117 217
150 602
281 209
317 151
343 186
344 186
383 308
435 290
440 331
441 321
449 343
450 340
491 8
506 2
655 581
686 602
722 186
4 6
17
70 433
256 240
302 482
450 183
461 185
484 208
487 213
527 282
528 282
529 288
535 299
558 331
568 339
697 350
927 500
990 356
997 365
5 6
184
4 10
7 32
8 37
10 525
11 44
12 45
13 47
15 48
17 51
18 52
19 55
40 82
44 110
50 83
51 87
54 98
56 99
57 89
58 90
61 95
66 117
67 111
68 103
74 564
75 135
77 112
79 108
83 124
84 105
85 120
88 128
89 129
91 121
92 142
104 173
106 170
108 175
110 182
113 186
116 192
117 189
118 193
121 191
122 201
124 201
125 228
126 206
128 228
134 241
136 242
139 234
140 240
142 241
143 242
144 243
150 248
152 249
155 258
160 220
164 232
166 255
174 268
176 256
192 269
202 280
206 281
212 287
213 288
214 282
223 288
238 298
241 299
246 305
248 315
249 307
255 318
270 328
272 336
273 330
275 308
278 336
279 333
282 335
290 337
293 341
294 342
295 338
297 346
304 348
312 360
333 402
336 404
341 413
343 413
347 424
348 432
369 522
372 659
391 544
399 545
403 550
405 561
406 688
409 119
411 560
417 173
421 179
428 206
431 245
435 746
437 602
439 264
447 312
449 610
454 614
456 616
464 621
469 648
476 659
480 659
483 663
484 673
487 669
489 657
493 690
510 691
512 682
515 710
516 710
518 710
522 705
525 688
526 706
527 128
546 732
550 236
557 753
558 763
563 764
567 774
573 779
585 616
596 621
600 898
605 658
607 835
608 839
609 830
617 840
619 858
622 691
623 848
626 710
629 854
631 850
633 706
636 913
645 875
646 881
651 884
652 885
662 898
665 898
669 901
671 832
672 903
673 910
674 906
676 841
677 911
682 955
686 954
688 856
690 918
695 929
698 932
699 933
701 935
702 940
710 887
722 956
730 959
740 965
747 973
4 7
18
155 91
165 91
242 309
455 307
530 338
557 379
558 416
701 453
708 453
717 444
748 357
763 471
826 15
965 60
991 14
997 454
1188 14
1195 1029
5 7
191
3 49
4 50
6 722
7 71
8 74
12 84
13 86
14 117
15 93
16 95
17 96
18 98
35 113
36 178
37 128
39 129
40 135
45 135
54 179
57 145
58 140
61 147
65 158
66 199
67 164
68 156
74 215
75 214
76 186
77 174
79 176
85 182
92 207
106 241
108 247
109 782
111 251
113 253
117 263
118 265
122 267
124 267
126 271
131 273
132 293
133 293
134 299
139 297
140 294
142 299
143 300
144 309
149 309
164 307
166 308
174 319
206 330
212 335
213 332
222 337
223 338
241 350
246 379
267 379
274 397
279 398
282 396
284 400
287 416
291 416
292 422
293 414
294 415
299 414
300 377
301 424
304 427
307 427
311 437
312 444
313 450
315 454
316 464
319 459
320 471
321 440
324 458
325 493
327 469
329 513
335 522
339 531
341 508
342 502
343 508
347 542
369 727
386 745
387 746
388 135
390 144
399 754
400 757
402 772
404 194
405 191
406 939
409 182
410 765
423 787
428 271
429 806
431 298
449 819
452 1020
461 458
463 531
468 875
469 726
474 889
475 890
476 900
480 906
483 908
490 917
493 945
496 927
500 751
501 928
509 941
510 941
512 937
517 960
522 954
523 222
538 975
542 987
544 787
546 984
549 995
557 802
560 994
564 313
573 817
579 1018
580 1016
583 1020
589 1032
593 1039
594 1040
605 912
610 1090
617 1081
622 936
623 941
627 1103
629 1091
631 1092
632 1097
633 1098
638 1107
641 1112
645 1119
648 1126
650 1127
651 999
652 1002
656 1014
659 1026
665 1153
669 1158
673 1172
674 1170
680 1169
685 1091
686 1175
688 1097
698 1195
699 1194
701 1196
703 1202
707 1129
714 1210
718 1172
719 1229
730 1235
736 1242
739 1243
740 1243
742 1248
743 1198
6 7
364
3 49
8 11
10 50
11 17
13 700
18 30
21 30
22 28
23 62
24 62
28 63
32 71
37 74
45 84
46 83
48 93
50 95
52 98
53 105
54 107
56 99
57 116
59 113
74 129
75 127
84 134
85 135
88 137
90 140
92 148
93 143
94 144
95 147
96 153
97 159
98 179
99 149
100 166
103 156
107 175
108 176
109 154
110 178
111 164
112 174
116 185
117 199
119 182
120 182
121 171
122 178
123 198
130 212
131 183
133 213
134 194
135 214
142 207
144 205
148 216
152 220
161 236
168 245
170 241
175 781
187 256
189 263
191 265
192 262
193 265
194 266
201 267
203 269
206 271
207 283
213 272
225 289
230 296
231 290
232 307
235 293
236 299
240 294
241 299
245 298
250 303
251 306
253 309
255 308
256 314
257 309
262 312
263 313
265 322
268 319
271 505
276 327
279 326
280 327
281 330
283 340
286 328
287 335
288 338
293 331
299 350
303 344
308 376
314 364
317 379
321 397
325 382
327 422
330 375
331 416
333 398
334 395
339 424
341 405
342 415
346 413
355 435
357 464
360 444
365 454
369 471
374 391
376 402
377 411
380 410
381 401
382 521
383 522
385 417
387 531
389 419
390 430
391 458
392 440
393 448
394 458
395 457
398 452
399 469
400 474
401 483
402 482
408 473
411 472
413 508
415 502
416 512
418 506
422 524
423 538
424 542
425 835
427 560
429 547
430 559
431 523
435 552
436 564
437 566
438 570
441 563
442 569
444 574
445 581
448 601
450 590
455 606
456 841
457 616
458 618
459 615
460 628
462 627
463 632
464 631
465 600
466 626
467 643
468 652
472 609
473 617
474 637
475 651
480 629
481 646
482 665
484 664
485 665
487 663
489 684
490 682
491 641
494 681
497 657
500 669
501 679
509 693
511 22
522 727
526 889
528 901
533 113
541 750
543 750
544 751
545 754
546 144
547 753
549 153
551 164
552 756
553 168
560 192
561 191
562 772
564 215
571 248
576 786
577 257
579 787
580 265
581 799
585 798
586 272
597 289
599 807
601 313
607 350
608 344
610 819
611 416
612 395
617 471
619 831
620 832
623 836
624 835
626 560
628 845
629 651
630 853
631 50
645 878
654 889
656 736
657 909
658 912
660 899
662 909
663 908
669 917
671 921
672 920
675 927
676 750
678 925
679 925
681 931
682 937
684 752
687 934
690 945
691 941
696 958
698 958
699 948
700 765
701 758
703 764
707 949
709 769
722 973
726 1112
728 981
733 253
738 987
744 985
745 986
747 801
751 996
755 289
756 996
757 806
759 806
767 999
769 1003
771 1006
779 817
784 821
789 1023
791 1020
794 1032
799 1014
801 1027
803 1026
807 560
809 1045
810 1044
813 618
818 1059
819 880
828 1067
835 1077
837 920
840 1081
845 1085
847 934
848 941
849 934
850 1092
851 958
853 940
854 1094
859 1103
866 1113
867 1112
873 987
875 1119
879 991
881 1125
883 998
885 1002
887 1131
895 1037
898 1153
900 1155
901 1158
903 1162
905 1082
906 1170
908 1168
909 1169
910 1172
915 1094
916 1176
917 1093
921 1100
928 1113
932 1195
933 1194
939 1202
941 1205
943 1211
944 1213
948 1207
949 1210
950 1214
951 1214
955 1177
957 1232
958 1176
961 1181
962 1237
963 1236
964 1237
966 1243
971 1248
973 1200
976 1204
0 8
30
31 122
42 627
46 19
56 126
62 259
66 19
67 236
85 1
94 176
98 151
109 183
110 248
127 148
129 73
142 143
143 47
144 90
149 41
158 42
161 20
167 61
168 30
206 55
332 343
372 427
482 389
954 777
970 21
1159 769
1285 164
1 8
33
35 207
41 247
42 247
52 157
59 19
72 623
73 126
88 168
91 609
105 600
109 12
110 41
122 41
124 143
125 41
168 37
170 21
174 41
184 600
186 27
190 37
191 12
195 157
214 67
220 175
320 1041
364 16
524 65
532 65
704 800
860 766
870 600
1022 950
2 8
19
72 247
100 604
101 609
105 140
136 183
145 163
196 143
231 67
264 37
276 345
282 27
298 27
441 81
593 560
675 918
706 345
721 448
842 345
991 743
3 8
25
24 207
44 259
46 236
60 176
62 163
65 183
75 148
87 143
91 143
98 73
106 42
120 115
122 55
126 3
165 680
293 1153
593 777
594 259
609 74
611 350
613 21
699 1033
784 769
800 261
865 421
4 8
48
135 474
141 530
157 522
287 207
288 207
297 253
299 247
303 248
305 236
306 180
310 201
311 223
312 245
313 157
316 175
317 140
319 237
320 231
328 122
330 215
331 203
343 296
344 176
348 126
350 168
358 183
363 178
367 127
374 136
382 148
387 109
390 143
398 115
401 97
402 107
403 90
521 179
524 144
535 118
558 65
775 569
822 398
899 623
912 107
963 221
1063 777
1155 608
1158 583
5 8
68
7 544
8 542
12 527
15 514
18 509
35 441
39 464
53 469
54 416
81 426
95 296
99 368
110 351
111 344
162 107
163 97
170 74
180 164
183 68
185 47
186 55
188 37
189 55
193 43
195 27
196 20
203 144
211 19
216 42
218 43
223 137
231 12
241 118
262 16
274 82
276 82
287 65
291 65
366 24
369 724
370 714
371 536
401 666
402 664
404 426
417 363
442 20
469 913
473 908
474 721
475 905
503 853
511 821
525 832
535 374
546 788
560 772
607 1000
615 862
625 821
626 978
629 838
633 976
668 1100
677 991
725 1065
734 1053
740 1053
6 8
65
14 545
32 544
34 543
37 542
45 527
46 532
48 514
50 516
51 506
52 509
53 714
54 714
56 493
57 488
59 441
88 471
93 469
100 680
106 443
113 422
128 388
133 664
135 666
144 386
156 368
163 364
182 351
465 266
474 138
491 238
497 181
500 156
509 130
522 724
526 721
529 714
547 696
553 692
554 689
631 548
634 818
650 913
653 903
656 714
657 694
662 694
675 862
678 868
681 867
687 870
689 847
701 873
747 781
806 784
835 1000
842 991
845 844
846 991
852 873
861 816
871 1055
908 1084
916 1071
923 990
932 1055
7 8
123
24 593
25 595
32 590
33 587
37 591
39 592
44 749
46 580
50 548
52 545
59 596
61 726
71 544
74 542
78 540
80 536
81 526
83 532
84 527
86 529
93 514
95 516
96 506
98 509
113 441
129 464
137 471
143 469
144 469
146 428
160 386
163 421
187 397
192 394
194 426
205 386
206 384
211 391
213 664
216 430
218 377
230 369
232 364
266 308
338 137
348 48
350 118
416 65
431 59
528 324
544 310
586 263
597 256
600 266
637 138
641 238
644 186
646 133
657 181
669 156
670 124
672 39
677 174
682 39
683 39
691 213
693 130
701 593
712 727
718 221
719 726
726 913
727 724
733 506
751 859
753 696
758 873
772 664
774 663
786 646
797 789
801 781
841 263
872 726
874 915
879 949
880 1013
883 913
888 903
889 721
890 905
901 891
903 885
908 885
909 694
912 1008
925 868
927 860
934 870
937 835
943 873
951 842
954 836
956 839
963 662
984 788
994 772
1063 1013
1067 1100
1096 836
1100 1073
1101 976
1104 990
1142 1105
1158 1099
1159 1096
1161 1092
1165 1094
1179 990
1195 1055
1217 1147
1236 1128
1245 1055
