14
64
0 1
1.312741e+000 1.832412e-001 -5.626720e+001 -1.446526e-001 1.051611e+000 -2.366692e+001 -4.096564e-004 1.117632e-006 1.000000e+000
0.000000e+000 0.000000e+000 0.000000e+000 0.000000e+000 0.000000e+000 0.000000e+000 0.000000e+000 0.000000e+000 0.000000e+000
9.6190476190476193e-001
101
0
0 2
1.379880e+000 3.365004e-001 -1.046163e+002 -5.376157e-003 1.125922e+000 -1.371583e+001 -1.749070e-003 1.217251e-004 1.000000e+000
0.000000e+000 0.000000e+000 0.000000e+000 0.000000e+000 0.000000e+000 0.000000e+000 0.000000e+000 0.000000e+000 0.000000e+000
1.0000000000000000e+000
29
0
0 3
1.189591e+000 3.892033e-001 -1.651815e+002 -4.845170e-001 1.019939e+000 -6.044503e+000 -3.588570e-004 6.659951e-005 1.000000e+000
0.000000e+000 0.000000e+000 0.000000e+000 0.000000e+000 0.000000e+000 0.000000e+000 0.000000e+000 0.000000e+000 0.000000e+000
1.0000000000000000e+000
46
0
1 0
7.595353e-001 -1.323896e-001 3.960367e+001 1.114763e-001 9.314671e-001 2.831741e+001 3.110239e-004 -5.527531e-005 1.016192e+000
0.000000e+000 0.000000e+000 0.000000e+000 0.000000e+000 0.000000e+000 0.000000e+000 0.000000e+000 0.000000e+000 0.000000e+000
0.0000000000000000e+000
0
0
1 2
1.040747e+000 3.350186e-001 8.410751e+001 -1.109613e-001 1.012250e+000 -1.986906e+001 -1.329033e-004 -3.234348e-005 1.000000e+000
0.000000e+000 0.000000e+000 0.000000e+000 0.000000e+000 0.000000e+000 0.000000e+000 0.000000e+000 0.000000e+000 0.000000e+000
9.7058823529411764e-001
165
0
1 3
1.314938e+000 1.643886e-001 -7.781198e+001 -2.078684e-001 1.063031e+000 7.653929e+000 -5.917611e-004 9.818578e-005 1.000000e+000
0.000000e+000 0.000000e+000 0.000000e+000 0.000000e+000 0.000000e+000 0.000000e+000 0.000000e+000 0.000000e+000 0.000000e+000
9.8571428571428577e-001
69
0
2 0
8.291916e-001 -2.568152e-001 8.322457e+001 2.159481e-002 8.801576e-001 1.433126e+001 1.447685e-003 -5.563249e-004 1.143821e+000
0.000000e+000 0.000000e+000 0.000000e+000 0.000000e+000 0.000000e+000 0.000000e+000 0.000000e+000 0.000000e+000 0.000000e+000
0.0000000000000000e+000
0
0
2 1
9.175555e-001 -3.063385e-001 -8.325997e+001 1.030401e-001 9.541249e-001 1.029111e+001 1.252788e-004 -9.853674e-006 9.892673e-001
0.000000e+000 0.000000e+000 0.000000e+000 0.000000e+000 0.000000e+000 0.000000e+000 0.000000e+000 0.000000e+000 0.000000e+000
0.0000000000000000e+000
0
0
2 3
1.100210e+000 7.168346e-002 -5.648464e+001 -1.196029e-001 1.021062e+000 1.411685e+001 -1.591500e-004 -1.890443e-005 1.000000e+000
0.000000e+000 0.000000e+000 0.000000e+000 0.000000e+000 0.000000e+000 0.000000e+000 0.000000e+000 0.000000e+000 0.000000e+000
1.0000000000000000e+000
189
0
2 4
1.033252e+000 5.161790e-002 -1.200630e+002 -2.126509e-001 8.184458e-001 2.046885e+001 -3.713602e-004 4.628321e-004 1.000000e+000
0.000000e+000 0.000000e+000 0.000000e+000 0.000000e+000 0.000000e+000 0.000000e+000 0.000000e+000 0.000000e+000 0.000000e+000
1.0000000000000000e+000
49
0
2 5
1.076626e+000 4.329982e-001 -6.598597e+001 -3.567187e-001 9.334619e-001 1.675625e+001 -3.270138e-004 2.722596e-005 1.000000e+000
0.000000e+000 0.000000e+000 0.000000e+000 0.000000e+000 0.000000e+000 0.000000e+000 0.000000e+000 0.000000e+000 0.000000e+000
1.0000000000000000e+000
24
0
2 9
1.275153e+000 -4.619828e-002 -1.627259e+002 -3.068305e-001 1.321099e+000 8.050932e+001 -2.448763e-004 6.810561e-005 1.000000e+000
0.000000e+000 0.000000e+000 0.000000e+000 0.000000e+000 0.000000e+000 0.000000e+000 0.000000e+000 0.000000e+000 0.000000e+000
9.5999999999999996e-001
24
0
3 0
7.568848e-001 -2.968697e-001 1.232290e+002 3.610215e-001 8.384618e-001 6.470216e+001 2.475696e-004 -1.623749e-004 1.039912e+000
0.000000e+000 0.000000e+000 0.000000e+000 0.000000e+000 0.000000e+000 0.000000e+000 0.000000e+000 0.000000e+000 0.000000e+000
0.0000000000000000e+000
0
0
3 1
7.681544e-001 -1.243972e-001 6.072374e+001 1.470384e-001 9.175601e-001 4.418407e+000 4.401268e-004 -1.637048e-004 1.035500e+000
0.000000e+000 0.000000e+000 0.000000e+000 0.000000e+000 0.000000e+000 0.000000e+000 0.000000e+000 0.000000e+000 0.000000e+000
0.0000000000000000e+000
0
0
3 2
9.096409e-001 -6.289342e-002 5.226859e+001 1.045226e-001 9.718895e-001 -7.816101e+000 1.467453e-004 8.363529e-006 1.008171e+000
0.000000e+000 0.000000e+000 0.000000e+000 0.000000e+000 0.000000e+000 0.000000e+000 0.000000e+000 0.000000e+000 0.000000e+000
0.0000000000000000e+000
0
0
3 4
1.031221e+000 6.283874e-002 -5.976535e+001 -1.143667e-001 9.976225e-001 2.030577e+001 -1.744442e-004 8.619187e-006 1.000000e+000
0.000000e+000 0.000000e+000 0.000000e+000 0.000000e+000 0.000000e+000 0.000000e+000 0.000000e+000 0.000000e+000 0.000000e+000
9.8901098901098905e-001
180
0
3 5
1.011348e+000 1.099361e-001 -8.076369e+001 -2.009491e-001 9.946045e-001 5.150121e+000 -2.944636e-004 1.824805e-005 1.000000e+000
0.000000e+000 0.000000e+000 0.000000e+000 0.000000e+000 0.000000e+000 0.000000e+000 0.000000e+000 0.000000e+000 0.000000e+000
1.0000000000000000e+000
83
0
3 6
7.378068e-001 6.969601e-002 -1.115418e+002 -2.919045e-001 9.133942e-001 2.821714e+001 9.120374e-005 9.912881e-005 1.000000e+000
0.000000e+000 0.000000e+000 0.000000e+000 0.000000e+000 0.000000e+000 0.000000e+000 0.000000e+000 0.000000e+000 0.000000e+000
1.0000000000000000e+000
32
0
3 7
1.142359e+000 3.399144e-001 -1.625768e+002 -4.236685e-001 8.379920e-001 4.527072e+001 -5.922997e-004 -7.012164e-005 1.000000e+000
0.000000e+000 0.000000e+000 0.000000e+000 0.000000e+000 0.000000e+000 0.000000e+000 0.000000e+000 0.000000e+000 0.000000e+000
1.0000000000000000e+000
44
0
3 9
1.077762e+000 -1.018058e-002 -7.589409e+001 -7.677680e-002 1.112951e+000 3.060225e+001 -2.465547e-004 3.985247e-004 1.000000e+000
0.000000e+000 0.000000e+000 0.000000e+000 0.000000e+000 0.000000e+000 0.000000e+000 0.000000e+000 0.000000e+000 0.000000e+000
9.4827586206896552e-001
55
0
3 10
1.076615e+000 1.264832e-001 -8.921386e+001 -2.276775e-001 1.073436e+000 5.047969e+001 -2.575319e-004 3.454353e-004 1.000000e+000
0.000000e+000 0.000000e+000 0.000000e+000 0.000000e+000 0.000000e+000 0.000000e+000 0.000000e+000 0.000000e+000 0.000000e+000
1.0000000000000000e+000
24
0
4 2
9.844132e-001 -1.304324e-001 1.208614e+002 2.495185e-001 1.203076e+000 5.332349e+000 2.500867e-004 -6.052596e-004 1.042415e+000
0.000000e+000 0.000000e+000 0.000000e+000 0.000000e+000 0.000000e+000 0.000000e+000 0.000000e+000 0.000000e+000 0.000000e+000
0.0000000000000000e+000
0
0
4 3
9.729191e-001 -6.179592e-002 5.940166e+001 1.080992e-001 9.956930e-001 -1.375772e+001 1.687884e-004 -1.936200e-005 1.010481e+000
0.000000e+000 0.000000e+000 0.000000e+000 0.000000e+000 0.000000e+000 0.000000e+000 0.000000e+000 0.000000e+000 0.000000e+000
0.0000000000000000e+000
0
0
4 5
1.022352e+000 3.050208e-001 3.591686e+001 -9.429333e-002 9.939711e-001 -2.332594e+001 -1.094219e-004 3.918146e-005 1.000000e+000
0.000000e+000 0.000000e+000 0.000000e+000 0.000000e+000 0.000000e+000 0.000000e+000 0.000000e+000 0.000000e+000 0.000000e+000
1.0000000000000000e+000
190
0
4 6
8.997304e-001 7.933385e-002 -6.644813e+001 -1.593313e-001 9.202695e-001 -1.694727e+000 -1.979855e-004 -3.817298e-005 1.000000e+000
0.000000e+000 0.000000e+000 0.000000e+000 0.000000e+000 0.000000e+000 0.000000e+000 0.000000e+000 0.000000e+000 0.000000e+000
1.0000000000000000e+000
57
0
4 7
7.485437e-001 1.135556e-001 -7.834638e+001 -2.940522e-001 8.979209e-001 -1.132388e+001 -6.763026e-005 -2.537283e-004 1.000000e+000
0.000000e+000 0.000000e+000 0.000000e+000 0.000000e+000 0.000000e+000 0.000000e+000 0.000000e+000 0.000000e+000 0.000000e+000
1.0000000000000000e+000
23
0
4 9
1.076633e+000 -2.663780e-002 -2.613589e+000 1.744788e-002 1.111123e+000 6.678483e+000 -5.267624e-005 3.422332e-004 1.000000e+000
0.000000e+000 0.000000e+000 0.000000e+000 0.000000e+000 0.000000e+000 0.000000e+000 0.000000e+000 0.000000e+000 0.000000e+000
9.9145299145299148e-001
116
0
4 10
1.017714e+000 6.716378e-002 -2.668221e+001 -1.332287e-001 1.085464e+000 1.182919e+001 6.878732e-005 2.211783e-004 1.000000e+000
0.000000e+000 0.000000e+000 0.000000e+000 0.000000e+000 0.000000e+000 0.000000e+000 0.000000e+000 0.000000e+000 0.000000e+000
1.0000000000000000e+000
47
0
5 2
8.205260e-001 -3.823775e-001 6.055042e+001 3.088951e-001 9.278550e-001 4.835377e+000 2.599134e-004 -1.503045e-004 1.019669e+000
0.000000e+000 0.000000e+000 0.000000e+000 0.000000e+000 0.000000e+000 0.000000e+000 0.000000e+000 0.000000e+000 0.000000e+000
0.0000000000000000e+000
0
0
5 3
9.901897e-001 -1.109258e-001 8.054265e+001 1.985661e-001 9.832754e-001 1.097295e+001 2.879514e-004 -5.060648e-005 1.023517e+000
0.000000e+000 0.000000e+000 0.000000e+000 0.000000e+000 0.000000e+000 0.000000e+000 0.000000e+000 0.000000e+000 0.000000e+000
0.0000000000000000e+000
0
0
5 4
9.471157e-001 -2.890355e-001 -4.075945e+001 9.219566e-002 9.770055e-001 1.947819e+001 1.000228e-004 -6.990731e-005 9.947768e-001
0.000000e+000 0.000000e+000 0.000000e+000 0.000000e+000 0.000000e+000 0.000000e+000 0.000000e+000 0.000000e+000 0.000000e+000
0.0000000000000000e+000
0
0
5 6
9.338249e-001 2.605926e-001 1.367912e+001 -7.163192e-002 9.242127e-001 2.080761e+001 -1.007000e-004 2.070586e-005 1.000000e+000
0.000000e+000 0.000000e+000 0.000000e+000 0.000000e+000 0.000000e+000 0.000000e+000 0.000000e+000 0.000000e+000 0.000000e+000
1.0000000000000000e+000
279
0
5 7
8.331079e-001 6.305652e-002 -5.813041e+001 -1.567687e-001 9.246843e-001 1.981421e+001 -2.234743e-004 -3.233514e-005 1.000000e+000
0.000000e+000 0.000000e+000 0.000000e+000 0.000000e+000 0.000000e+000 0.000000e+000 0.000000e+000 0.000000e+000 0.000000e+000
1.0000000000000000e+000
51
0
5 9
1.039698e+000 -8.656281e-002 1.752605e+001 1.025599e-001 1.035967e+000 2.411751e+001 8.922420e-005 3.998472e-004 1.000000e+000
0.000000e+000 0.000000e+000 0.000000e+000 0.000000e+000 0.000000e+000 0.000000e+000 0.000000e+000 0.000000e+000 0.000000e+000
1.0000000000000000e+000
47
0
5 10
1.148036e+000 3.431643e-002 8.752367e-001 5.578012e-002 1.071599e+000 3.029657e+001 -3.211479e-004 1.380302e-004 1.000000e+000
0.000000e+000 0.000000e+000 0.000000e+000 0.000000e+000 0.000000e+000 0.000000e+000 0.000000e+000 0.000000e+000 0.000000e+000
1.0000000000000000e+000
37
0
6 3
1.291832e+000 -1.145614e-001 1.473258e+002 4.177656e-001 1.061133e+000 1.665617e+001 -1.592325e-004 -9.474038e-005 9.849122e-001
0.000000e+000 0.000000e+000 0.000000e+000 0.000000e+000 0.000000e+000 0.000000e+000 0.000000e+000 0.000000e+000 0.000000e+000
0.0000000000000000e+000
0
0
6 4
1.111235e+000 -9.274007e-002 7.368230e+001 1.928129e-001 1.070623e+000 1.462647e+001 2.273686e-004 2.250769e-005 1.015146e+000
0.000000e+000 0.000000e+000 0.000000e+000 0.000000e+000 0.000000e+000 0.000000e+000 0.000000e+000 0.000000e+000 0.000000e+000
0.0000000000000000e+000
0
0
6 5
1.047343e+000 -2.951272e-001 -8.185845e+000 7.883753e-002 1.060291e+000 -2.314055e+001 1.038350e-004 -5.167356e-005 9.996548e-001
0.000000e+000 0.000000e+000 0.000000e+000 0.000000e+000 0.000000e+000 0.000000e+000 0.000000e+000 0.000000e+000 0.000000e+000
0.0000000000000000e+000
0
0
6 7
1.009535e+000 2.819349e-001 6.029697e+001 -9.122388e-002 1.026287e+000 -8.562671e-002 -1.353744e-004 6.691813e-006 1.000000e+000
0.000000e+000 0.000000e+000 0.000000e+000 0.000000e+000 0.000000e+000 0.000000e+000 0.000000e+000 0.000000e+000 0.000000e+000
1.0000000000000000e+000
225
0
6 8
1.165613e+000 5.101833e-001 4.512632e+001 -1.578445e-001 1.017042e+000 3.991938e+000 -1.986702e-004 -7.483986e-006 1.000000e+000
0.000000e+000 0.000000e+000 0.000000e+000 0.000000e+000 0.000000e+000 0.000000e+000 0.000000e+000 0.000000e+000 0.000000e+000
9.4915254237288138e-001
56
0
6 9
1.164751e+000 -1.183081e-001 7.626022e+001 1.675918e-001 1.158327e+000 1.027209e+001 2.897570e-004 2.740683e-004 1.000000e+000
0.000000e+000 0.000000e+000 0.000000e+000 0.000000e+000 0.000000e+000 0.000000e+000 0.000000e+000 0.000000e+000 0.000000e+000
1.0000000000000000e+000
20
0
6 10
1.188661e+000 -1.654136e-002 5.177459e+001 1.274504e-001 1.172832e+000 2.847550e+001 6.406036e-005 3.273021e-004 1.000000e+000
0.000000e+000 0.000000e+000 0.000000e+000 0.000000e+000 0.000000e+000 0.000000e+000 0.000000e+000 0.000000e+000 0.000000e+000
1.0000000000000000e+000
30
0
7 3
8.326016e-001 -3.251693e-001 1.500824e+002 3.928138e-001 1.035413e+000 1.698851e+001 5.206944e-004 -1.199928e-004 1.090085e+000
0.000000e+000 0.000000e+000 0.000000e+000 0.000000e+000 0.000000e+000 0.000000e+000 0.000000e+000 0.000000e+000 0.000000e+000
0.0000000000000000e+000
0
0
7 4
1.291821e+000 -1.352038e-001 9.967846e+001 4.255103e-001 1.072724e+000 4.548460e+001 1.953302e-004 2.630367e-004 1.018282e+000
0.000000e+000 0.000000e+000 0.000000e+000 0.000000e+000 0.000000e+000 0.000000e+000 0.000000e+000 0.000000e+000 0.000000e+000
0.0000000000000000e+000
0
0
7 5
1.204545e+000 -7.963718e-002 7.159863e+001 1.983100e-001 1.067590e+000 -9.625611e+000 2.755972e-004 1.672381e-005 1.015689e+000
0.000000e+000 0.000000e+000 0.000000e+000 0.000000e+000 0.000000e+000 0.000000e+000 0.000000e+000 0.000000e+000 0.000000e+000
0.0000000000000000e+000
0
0
7 6
9.590250e-001 -2.630800e-001 -5.784883e+001 8.525594e-002 9.509985e-001 -5.059244e+000 1.292569e-004 -4.197819e-005 9.922026e-001
0.000000e+000 0.000000e+000 0.000000e+000 0.000000e+000 0.000000e+000 0.000000e+000 0.000000e+000 0.000000e+000 0.000000e+000
0.0000000000000000e+000
0
0
7 8
9.983808e-001 1.514800e-001 3.516926e+001 -5.537451e-002 1.005079e+000 4.113596e+000 -7.589526e-005 6.003800e-006 1.000000e+000
0.000000e+000 0.000000e+000 0.000000e+000 0.000000e+000 0.000000e+000 0.000000e+000 0.000000e+000 0.000000e+000 0.000000e+000
1.0000000000000000e+000
359
0
7 9
1.404862e+000 -2.719440e-001 1.118637e+002 4.433788e-001 1.038432e+000 3.291209e+001 4.049771e-004 2.185528e-004 1.000000e+000
0.000000e+000 0.000000e+000 0.000000e+000 0.000000e+000 0.000000e+000 0.000000e+000 0.000000e+000 0.000000e+000 0.000000e+000
8.9189189189189189e-001
33
0
7 10
1.035731e+000 -1.527808e-001 6.389878e+001 1.957389e-001 1.147068e+000 4.897112e+001 -3.146215e-004 3.772149e-004 1.000000e+000
0.000000e+000 0.000000e+000 0.000000e+000 0.000000e+000 0.000000e+000 0.000000e+000 0.000000e+000 0.000000e+000 0.000000e+000
1.0000000000000000e+000
22
0
8 6
7.978233e-001 -4.004688e-001 -3.440418e+001 1.231961e-001 9.213761e-001 -9.237463e+000 1.594257e-004 -7.266565e-005 9.930958e-001
0.000000e+000 0.000000e+000 0.000000e+000 0.000000e+000 0.000000e+000 0.000000e+000 0.000000e+000 0.000000e+000 0.000000e+000
0.0000000000000000e+000
0
0
8 7
9.907491e-001 -1.491158e-001 -3.423051e+001 5.427858e-002 9.868014e-001 -5.968240e+000 7.486728e-005 -1.724174e-005 9.974379e-001
0.000000e+000 0.000000e+000 0.000000e+000 0.000000e+000 0.000000e+000 0.000000e+000 0.000000e+000 0.000000e+000 0.000000e+000
0.0000000000000000e+000
0
0
9 2
8.145699e-001 2.174208e-002 1.308012e+002 1.777691e-001 7.648454e-001 -3.264955e+001 1.873618e-004 -4.676614e-005 1.034254e+000
0.000000e+000 0.000000e+000 0.000000e+000 0.000000e+000 0.000000e+000 0.000000e+000 0.000000e+000 0.000000e+000 0.000000e+000
0.0000000000000000e+000
0
0
9 3
9.431183e-001 -1.719161e-002 7.210320e+001 5.931714e-002 9.073859e-001 -2.326623e+001 2.088909e-004 -3.658544e-004 1.027050e+000
0.000000e+000 0.000000e+000 0.000000e+000 0.000000e+000 0.000000e+000 0.000000e+000 0.000000e+000 0.000000e+000 0.000000e+000
0.0000000000000000e+000
0
0
9 4
9.285842e-001 2.155850e-002 2.282959e+000 -1.490616e-002 9.014998e-001 -6.059610e+000 5.401570e-005 -3.073875e-004 1.002194e+000
0.000000e+000 0.000000e+000 0.000000e+000 0.000000e+000 0.000000e+000 0.000000e+000 0.000000e+000 0.000000e+000 0.000000e+000
0.0000000000000000e+000
0
0
9 5
9.548464e-001 8.705391e-002 -1.883421e+001 -9.341523e-002 9.658347e-001 -2.165633e+001 -4.784359e-005 -3.939536e-004 1.010340e+000
0.000000e+000 0.000000e+000 0.000000e+000 0.000000e+000 0.000000e+000 0.000000e+000 0.000000e+000 0.000000e+000 0.000000e+000
0.0000000000000000e+000
0
0
9 6
8.602258e-001 1.036345e-001 -6.666555e+001 -1.225487e-001 8.506539e-001 6.076001e-001 -2.156697e-004 -2.631660e-004 1.019150e+000
0.000000e+000 0.000000e+000 0.000000e+000 0.000000e+000 0.000000e+000 0.000000e+000 0.000000e+000 0.000000e+000 0.000000e+000
0.0000000000000000e+000
0
0
9 7
6.742352e-001 1.937844e-001 -8.180027e+001 -2.811715e-001 8.888950e-001 2.197482e+000 -2.115990e-004 -2.727487e-004 1.032647e+000
0.000000e+000 0.000000e+000 0.000000e+000 0.000000e+000 0.000000e+000 0.000000e+000 0.000000e+000 0.000000e+000 0.000000e+000
0.0000000000000000e+000
0
0
9 10
9.805704e-001 5.452852e-002 -3.853182e+001 -4.309502e-002 1.017555e+000 2.566049e+001 -2.174397e-004 -3.551371e-005 1.000000e+000
0.000000e+000 0.000000e+000 0.000000e+000 0.000000e+000 0.000000e+000 0.000000e+000 0.000000e+000 0.000000e+000 0.000000e+000
1.0000000000000000e+000
170
0
10 3
9.211342e-001 -1.372115e-001 8.910433e+001 1.872604e-001 9.190768e-001 -2.968849e+001 1.725351e-004 -3.528180e-004 1.033203e+000
0.000000e+000 0.000000e+000 0.000000e+000 0.000000e+000 0.000000e+000 0.000000e+000 0.000000e+000 0.000000e+000 0.000000e+000
0.0000000000000000e+000
0
0
10 4
9.722008e-001 -6.559938e-002 2.671646e+001 1.203458e-001 9.153705e-001 -7.617002e+000 -9.349296e-005 -1.979477e-004 9.998470e-001
0.000000e+000 0.000000e+000 0.000000e+000 0.000000e+000 0.000000e+000 0.000000e+000 0.000000e+000 0.000000e+000 0.000000e+000
0.0000000000000000e+000
0
0
10 5
8.724341e-001 -2.794916e-002 8.317740e-002 -5.354324e-002 9.385559e-001 -2.838816e+001 2.875710e-004 -1.385249e-004 1.003945e+000
0.000000e+000 0.000000e+000 0.000000e+000 0.000000e+000 0.000000e+000 0.000000e+000 0.000000e+000 0.000000e+000 0.000000e+000
0.0000000000000000e+000
0
0
10 6
8.410713e-001 2.420706e-002 -4.423543e+001 -9.081182e-002 8.568532e-001 -1.969758e+001 -2.415643e-005 -2.820006e-004 1.009281e+000
0.000000e+000 0.000000e+000 0.000000e+000 0.000000e+000 0.000000e+000 0.000000e+000 0.000000e+000 0.000000e+000 0.000000e+000
0.0000000000000000e+000
0
0
10 7
9.183347e-001 1.439302e-001 -6.572888e+001 -1.718090e-001 8.591293e-001 -3.109414e+001 3.537367e-004 -2.787928e-004 9.910495e-001
0.000000e+000 0.000000e+000 0.000000e+000 0.000000e+000 0.000000e+000 0.000000e+000 0.000000e+000 0.000000e+000 0.000000e+000
0.0000000000000000e+000
0
0
10 9
1.026536e+000 -5.358133e-002 4.092921e+001 3.781267e-002 9.798953e-001 -2.368760e+001 2.245525e-004 2.314902e-005 1.008058e+000
0.000000e+000 0.000000e+000 0.000000e+000 0.000000e+000 0.000000e+000 0.000000e+000 0.000000e+000 0.000000e+000 0.000000e+000
0.0000000000000000e+000
0
0
2048
3 0 1649 2 2296 3 1488
2 0 1686 1 1985
2 0 1770 2 2469
3 0 1771 1 2062 3 1663
3 0 1803 2 2486 3 1678
2 0 1850 1 2160
3 0 1877 3 1756 1 2158
3 0 1903 3 1775 1 2179
3 0 1904 3 1838 1 2209
3 0 1930 1 2219 3 1828
2 0 1955 3 1851
2 0 1956 3 1860
3 0 1957 1 2258 3 1906
3 0 1974 3 1849 1 2231
3 0 1994 1 2271 3 1875
2 0 1995 1 2301
2 0 2006 1 2319
2 0 2025 1 2334
3 0 2026 1 2335 3 1988
2 0 2035 3 1890
2 0 2036 3 2001
2 0 2058 3 1929
2 0 2073 1 2385
3 0 2074 1 2397 3 2089
3 0 2087 1 2396 3 2088
3 0 2097 3 2048 1 2394
3 0 2116 3 2018 1 2384
2 0 2130 1 2441
3 0 2131 1 2447 3 2137
2 0 2159 3 2047
2 0 2161 1 2472
2 0 2202 1 2471
2 0 2205 1 2501
2 0 2219 3 2167
3 0 2241 1 2527 3 2231
3 0 2278 1 2540 3 2211
2 0 2279 3 2229
3 0 2295 1 2539 3 2198
2 0 2305 3 2182
2 0 2306 3 2255
3 0 2320 1 2569 3 2238
2 0 2346 3 2297
3 0 2357 1 2593 3 2265
3 0 2359 1 2633 3 2347
3 0 2372 1 2617 3 2317
2 0 2388 3 2284
3 0 2389 3 2316 1 2632
3 0 2390 1 2641 3 2346
3 0 2403 1 2649 3 2342
2 0 2411 1 2639
2 0 2412 1 2648
3 0 2430 1 2660 3 2340
3 0 2431 1 2668 3 2353
3 0 2459 1 2667 3 2328
2 0 2470 3 2352
2 0 2499 1 2720
2 0 2518 1 2726
2 0 2589 1 2768
2 0 3351 1 5791
2 0 3651 1 3639
2 0 4292 1 3981
2 0 4466 1 4163
5 0 4528 1 4122 3 4101 2 5044 4 4147
2 0 4552 1 4142
2 0 4664 1 4195
2 0 4686 1 4219
2 0 4688 1 4272
2 0 4698 1 4213
2 0 4700 1 4290
2 0 4714 1 4203
2 0 4716 1 4232
2 0 4720 1 5917
2 0 4732 1 4218
2 0 4737 1 4217
2 0 4746 1 4297
2 0 4758 1 4243
2 0 4769 1 4242
2 0 4794 2 5299
2 0 4809 1 4280
3 0 4819 1 4288 2 5298
3 0 4830 2 5284 3 4282
2 0 4831 1 4268
7 0 4844 1 5895 3 6173 2 5483 4 6620 5 6912 6 4490
2 0 4845 1 5928
4 0 4854 1 4319 2 5321 4 4367
2 0 4869 1 4299
4 0 4871 1 4348 3 4363 2 5398
8 0 4873 1 4394 3 4432 2 5510 4 4516 5 4915 6 4499 9 6019
2 0 4884 2 5430
3 0 4892 1 4304 2 5307
2 0 4893 2 5416
5 0 4894 1 4373 2 5439 3 4384 4 4447
4 0 4911 2 5429 3 4368 1 4372
2 0 4916 2 5415
2 0 4926 1 4364
2 0 4935 1 4487
2 0 4942 1 4330
2 0 4943 2 5381
4 0 4945 1 4412 3 4393 2 5465
2 0 4953 1 4429
2 0 4960 1 4370
2 0 4961 1 4411
2 0 4965 1 4391
2 0 4966 1 4418
2 0 4985 1 4436
3 0 4996 1 4409 2 5414
2 0 5009 1 4435
2 0 5010 2 5495
2 0 5011 1 4444
2 0 5033 1 4442
2 0 5052 2 5480
2 0 5088 2 5515
2 0 5168 2 5581
2 0 5294 1 4645
2 0 5560 1 5025
2 0 5636 2 5367
2 0 6368 2 6769
2 0 6416 1 6416
2 0 6468 1 5607
3 0 6469 3 2256 1 2580
2 0 6638 1 6695
3 0 6845 1 5887 2 8106
4 0 6847 1 6858 3 6986 6 8092
2 0 6854 3 6160
5 0 6855 1 5898 3 6171 2 7170 4 4448
2 0 7287 1 6446
2 0 7323 1 6466
2 0 7328 1 6474
2 0 7329 1 6468
2 0 7771 3 6957
2 0 7781 1 6839
2 0 7788 1 6855
2 0 7790 1 6851
3 0 7797 1 6844 3 6970
4 0 7799 1 6850 2 8103 3 6979
3 0 7808 2 8124 3 7326
2 0 7809 1 6857
2 0 7810 2 8123
2 0 7811 1 6866
2 0 7832 2 8140
2 0 7834 2 8149
2 0 8215 2 8501
2 0 8217 1 7250
2 0 8227 1 7257
2 0 8236 2 8522
2 0 8476 1 7474
2 0 8479 1 7498
3 0 8481 1 7476 3 7495
2 0 8507 1 7494
2 1 245 2 30
2 1 297 2 223
2 1 310 2 6346
2 1 348 2 264
2 1 350 2 316
2 1 381 2 192
2 1 407 2 376
2 1 449 2 188
2 1 489 2 357
2 1 507 2 356
2 1 518 2 278
2 1 522 2 489
2 1 523 2 490
2 1 532 2 329
2 1 551 2 532
2 1 591 2 574
2 1 592 2 611
2 1 601 2 416
2 1 603 2 560
2 1 605 2 610
2 1 614 2 559
2 1 643 2 609
2 1 649 2 558
2 1 650 2 608
2 1 668 2 626
2 1 669 2 691
2 1 763 2 6459
2 1 794 2 762
2 1 797 2 831
2 1 830 2 811
2 1 845 2 6454
2 1 846 2 870
2 1 880 2 849
2 1 881 2 976
2 1 901 2 6476
2 1 911 2 940
2 1 912 2 975
2 1 934 2 936
2 1 936 2 6501
2 1 937 2 1027
2 1 952 2 1041
2 1 964 2 1082
2 1 988 2 1009
2 1 996 2 1025
2 1 997 2 1061
2 1 998 2 1162
2 1 1012 2 1062
2 1 1026 2 1115
2 1 1041 2 1160
2 1 1059 2 1177
2 1 1060 2 1192
2 1 1063 2 1236
2 1 1076 2 1139
2 1 1077 2 1289
2 1 1112 2 1191
2 1 1113 2 1286
2 1 1125 2 1189
2 1 1127 2 1309
2 1 1204 2 1307
2 1 1236 2 1382
2 1 1237 2 1404
2 1 1238 2 1453
2 1 1265 2 1414
2 1 1279 2 1381
2 1 1280 2 1450
2 1 1307 2 1449
2 1 1309 2 1537
2 1 1321 2 1469
2 1 1322 2 1552
2 1 1400 2 1513
2 1 1405 2 1614
2 1 1406 2 1615
2 1 1499 2 1704
2 1 1515 2 1671
2 1 1519 2 1714
2 1 1539 2 1736
2 1 1558 2 1733
2 1 1571 2 6647
2 1 1573 2 1701
2 1 1597 2 2517
2 1 1619 2 1730
2 1 1631 2 2516
2 1 1644 2 1793
2 1 1645 2 1814
2 1 1646 2 1815
2 1 1662 2 1791
2 1 1756 2 1875
2 1 1791 2 1959
2 1 1827 2 2718
2 1 1833 2 1972
2 1 1892 2 1985
2 1 1907 2 2088
2 1 1957 2 2086
2 1 1995 2 2145
2 1 2011 2 6735
2 1 2038 2 2157
2 1 2056 2 2190
2 1 2068 2 2895
2 1 2070 2 2215
2 1 2071 2 2239
2 1 2072 2 2240
2 1 2088 3 1716
2 1 2094 2 2251
2 1 2095 2 2262
2 1 2100 3 1677
2 1 2134 3 1714
2 1 2142 2 2305
2 1 2143 2 2306
2 1 2165 2 2304
2 1 2177 2 2346
2 1 2186 2 2334
2 1 2240 2 2415
2 1 2306 2 2544
2 1 2395 3 2029
2 1 2421 3 2087
2 1 2450 2 2729
2 1 2460 3 2135
2 1 2479 3 2186
2 1 2505 2 2768
2 1 2526 3 2230
2 1 2530 2 2797
2 1 2536 3 2181
2 1 2606 3 2237
2 1 2616 3 2264
2 1 2640 3 2315
2 1 2688 2 2885
2 1 2705 2 2912
3 1 2713 3 2376 2 3163
2 1 2739 2 2996
2 1 2762 2 3045
2 1 2802 2 3091
2 1 2849 2 3221
2 1 2859 2 3237
2 1 2875 2 3262
2 1 2882 2 3265
2 1 2896 2 3280
2 1 2899 2 3306
2 1 2920 2 3333
2 1 2931 2 3343
2 1 2934 2 3363
2 1 2944 2 3378
2 1 2960 2 3369
2 1 2961 2 3370
2 1 2964 2 3395
2 1 3003 2 3444
2 1 3040 2 3524
2 1 3052 2 3543
2 1 3294 2 3778
2 1 3994 2 5206
2 1 4026 2 5247
3 1 4050 2 5341 3 4682
2 1 4104 3 4064
2 1 4150 3 4107
4 1 4162 3 4142 2 5084 4 4175
6 1 4166 3 6226 5 6992 9 9385 2 5599 4 7574
3 1 4194 3 4199 2 5140
2 1 4230 3 4228
5 1 4270 3 4294 4 4353 5 4789 9 5824
3 1 4296 3 4303 4 4360
2 1 4310 3 4324
2 1 4345 3 4446
3 1 4355 3 4333 2 5382
3 1 4356 3 4346 2 5383
3 1 4384 3 4383 2 5438
3 1 4395 3 4472 2 5554
8 1 4507 3 4753 2 5715 4 4866 5 5279 9 6463 10 5021 6 5038
2 1 5215 2 167
2 1 5289 2 6455
2 1 5310 2 6477
2 1 5319 2 6502
2 1 5325 2 970
2 1 5347 2 7383
2 1 5369 2 6579
2 1 5370 2 6580
2 1 5396 2 6611
2 1 5399 2 1613
2 1 5413 2 1588
2 1 5419 2 6651
2 1 5430 2 6657
2 1 5504 2 6723
2 1 5523 2 6742
2 1 5543 2 6776
2 1 5649 2 3214
6 1 5858 3 6201 9 9747 4 6672 10 7706 2 7164
3 1 5879 3 6242 2 7201
3 1 5886 3 6158 2 7154
2 1 6067 2 7282
2 1 6099 2 7311
2 1 6138 2 8255
2 1 6144 2 7358
2 1 6179 2 7408
2 1 6195 2 7419
2 1 6235 2 7469
2 1 6236 2 7470
2 1 6246 2 7483
2 1 6300 2 7520
2 1 6356 2 8319
2 1 6461 2 7711
2 1 6800 3 6141
2 1 6801 2 8154
4 1 6833 3 6966 4 7466 2 7141
2 1 6845 3 6974
3 1 6859 3 7338 2 8524
3 1 6861 3 6993 2 8143
2 1 7005 2 8252
2 1 7212 3 7300
2 1 7259 3 7335
2 1 7464 3 7511
2 1 7617 2 8880
2 2 3106 3 2354
2 2 3125 3 2407
2 2 3686 5 4382
2 2 3731 5 4439
2 2 3841 5 4493
2 2 4050 5 4641
2 2 4116 5 4651
2 2 4236 3 3636
2 2 4330 3 3696
2 2 4375 3 3489
3 2 4409 3 3521 5 4500
2 2 4419 3 3458
2 2 4509 3 3846
2 2 4520 3 3833
2 2 4543 3 3527
3 2 4544 3 3542 5 4469
2 2 4571 3 3871
2 2 4605 3 3589
2 2 4607 3 3880
3 2 4634 3 3910 7 3992
2 2 4647 3 3584
4 2 4654 3 3669 4 3931 5 4579
4 2 4656 3 3870 4 4269 9 5603
2 2 4710 3 4004
2 2 4721 3 3909
2 2 4729 3 3926
5 2 4737 3 4017 7 4073 9 8118 10 6681
2 2 4738 3 4039
3 2 4756 9 5774 10 4613
2 2 4759 3 4051
2 2 4766 3 3966
2 2 4770 3 3710
2 2 4778 3 3976
2 2 4779 3 4008
4 2 4780 3 6140 9 8122 7 6085
2 2 4785 3 3721
2 2 4787 3 4076
6 2 4789 3 4070 4 4494 9 5819 7 4151 10 4659
2 2 4790 3 4075
2 2 4816 3 6110
4 2 4819 3 4097 9 5858 10 4695
2 2 4827 3 4138
2 2 4839 9 9247
2 2 4881 3 4243
2 2 4899 3 4253
5 2 4904 3 4267 4 4697 9 6203 5 5265
4 2 4932 4 4592 9 6029 3 4240
2 2 4949 9 5562
2 2 4967 3 4292
2 2 4968 3 4394
6 2 4999 9 5849 4 4473 5 4965 6 4651 10 4574
2 2 5006 3 4372
2 2 5009 3 4421
3 2 5020 3 4388 4 4686
3 2 5021 3 4398 4 4710
4 2 5035 3 4466 4 4835 5 5388
4 2 5050 4 4591 3 4317 5 5084
2 2 5067 3 4685
2 2 5071 3 6145
2 2 5072 3 4456
2 2 5080 3 4475
2 2 5114 3 4762
3 2 5115 3 4182 9 5659
2 2 5117 3 4387
3 2 5126 3 4542 4 4892
2 2 5163 3 4213
3 2 5164 3 4523 4 4812
2 2 5174 3 4447
2 2 5175 3 4822
2 2 5180 3 4817
2 2 5185 3 4567
4 2 5195 3 4564 4 4878 5 5382
3 2 5204 3 4247 4 4289
3 2 5205 3 4249 4 4293
2 2 5221 3 4843
3 2 5225 3 4261 4 4317
2 2 5236 3 6193
4 2 5246 3 4609 4 4968 9 6610
2 2 5252 5 4901
2 2 5253 5 4897
2 2 5260 3 4887
3 2 5267 3 4635 4 5024
2 2 5286 3 4350
2 2 5300 3 4326
2 2 5309 3 4358
2 2 5310 3 4364
2 2 5338 3 4325
2 2 5340 3 6199
2 2 5345 3 4309
2 2 5346 3 4323
3 2 5360 3 4369 5 4896
3 2 5375 3 4404 4 4524
5 2 5377 4 4971 3 4646 7 4534 6 5245
2 2 5384 3 4418
3 2 5388 3 4692 6 5316
2 2 5395 3 4340
2 2 5397 3 4347
7 2 5420 3 4691 4 5030 9 6666 6 5284 7 4579 10 5372
2 2 5431 3 4434
2 2 5432 3 4563
6 2 5441 5 5398 7 4467 9 6594 10 5268 8 3743
3 2 5466 3 4397 5 4895
2 2 5496 3 4389
2 2 5583 4 4551
9 2 5584 5 5454 9 6694 4 5052 6 5252 7 4526 10 5384 3 4756 8 3834
2 2 5588 3 4607
2 2 5598 9 8230
5 2 5606 9 6783 5 5498 10 5446 4 5084
5 2 5607 5 5503 9 6784 4 5098 10 5449
6 2 5608 9 6803 3 4814 4 5110 10 5472 5 5512
2 2 5609 9 6813
5 2 5610 3 4829 4 5138 9 9374 10 6798
4 2 5611 9 8240 3 4850 5 5570
4 2 5612 3 4851 4 5158 5 5573
9 2 5619 9 8212 3 4779 4 5058 6 5257 10 6774 5 5459 7 4525 8 3830
6 2 5624 3 4606 4 4765 10 4907 6 4954 9 9275
2 2 5632 3 4704
5 2 5638 4 6704 5 5602 3 4900 6 5418
5 2 5641 4 5191 5 5592 9 8245 3 4913
5 2 5647 3 4713 4 4903 9 6511 10 5108
6 2 5648 4 5240 9 8252 3 4950 10 5621 5 5654
7 2 5656 3 4746 4 4927 5 5351 6 5114 9 6549 7 4356
3 2 5657 3 4767 10 5199
5 2 5659 3 4912 4 5163 5 5557 9 8243
4 2 5664 3 4772 10 5194 9 6584
4 2 5667 3 4661 4 4793 9 6324
3 2 5668 3 4669 4 4805
8 2 5669 3 4771 4 4947 5 5372 10 6745 6 5136 7 4378 9 8192
3 2 5671 3 4778 4 4960
6 2 5676 3 4800 4 4987 10 5236 5 5397 6 5153
7 2 5677 4 5215 5 5597 9 6922 3 4956 10 5573 6 5402
2 2 5679 3 4812
6 2 5684 3 4699 4 4829 9 8178 5 5259 10 6718
9 2 5685 3 4826 4 5021 5 5418 6 5174 9 6648 7 4432 10 5281 8 3668
2 2 5691 3 4687
2 2 5697 4 5307
6 2 5701 3 4730 4 4849 5 5269 9 6441 10 4997
3 2 5703 3 4877 4 5069
8 2 5704 3 4911 4 5105 5 5458 6 5234 7 4492 9 8219 8 3763
2 2 5713 3 4711
2 2 5726 3 4811
6 2 5732 3 4765 4 4865 5 5273 9 6461 10 5013
2 2 5740 3 5081
4 2 5752 3 4799 4 4912 5 5300
2 2 5759 3 4825
4 2 5763 3 4970 4 5126 10 5421
3 2 5768 4 5292 6 5490
3 2 5774 3 4824 4 4916
4 2 5779 3 4931 5 5421 6 5164
2 2 5786 3 4993
2 2 5791 3 4969
2 2 5798 3 4819
2 2 5805 4 4979
2 2 5829 3 4896
2 2 5840 3 4876
2 2 5860 3 5015
2 2 5909 3 5137
2 2 5965 5 5708
2 2 5966 3 5172
2 2 5998 3 5165
3 2 6138 3 5224 4 5380
2 2 6224 3 5265
3 2 6288 3 5309 4 5393
3 2 6297 3 5242 5 5493
2 2 7060 3 6103
5 2 7103 3 6135 9 9208 7 6071 10 7574
2 2 7104 3 6137
2 2 7127 4 7492
2 2 7134 3 4844
2 2 7150 3 7064
4 2 7185 5 6982 3 6219 9 9364
2 2 7204 4 6698
7 2 7208 3 6218 5 6957 4 6662 7 4274 9 9303 8 3437
2 2 7217 5 6975
2 2 7906 5 8323
2 2 7954 3 6886
2 2 7967 3 6899
2 2 7984 3 6917
2 2 8005 3 6867
2 2 8024 3 6944
2 2 8045 3 6920
3 2 8050 3 6962 4 7502
2 2 8080 3 6154
4 2 8089 3 7009 4 7537 5 7993
3 2 8093 3 6163 6 4481
2 2 8097 3 7370
4 2 8110 3 7345 4 7901 9 9953
3 2 8118 5 7986 6 8240
3 2 8151 4 7906 9 9758
2 2 8159 3 7013
2 2 8168 3 7022
3 2 8171 3 7024 4 7892
2 2 8173 3 7030
2 2 8183 3 7046
4 2 8205 3 7377 4 7899 9 9957
2 2 8488 3 7339
5 2 8512 3 7347 4 7903 9 9954 5 8391
4 2 8520 3 7333 6 8093 9 9246
2 2 8533 3 7362
2 2 8541 4 7917
2 2 8545 3 7521
2 2 8547 3 7358
2 2 8706 3 6908
2 2 8737 3 7606
2 2 8742 3 7504
2 2 8746 4 8085
3 2 8856 4 8163 9 10041
2 2 8861 3 7602
2 3 1316 7 1382
2 3 1393 5 2040
2 3 1407 5 2063
2 3 1409 7 1585
3 3 1429 4 1554 7 1632
2 3 1448 5 2138
2 3 1449 4 1553
2 3 1473 4 1597
2 3 1517 5 2209
2 3 1518 5 2325
3 3 1519 7 1672 5 2326
2 3 1536 4 1646
3 3 1550 7 1695 5 2369
4 3 1552 4 1684 7 1782 5 2431
2 3 1581 4 1728
2 3 1598 5 2321
3 3 1601 7 1781 5 2451
2 3 1603 4 1727
6 3 1613 4 1753 5 2497 7 1839 6 2384 10 1396
5 3 1630 4 1771 7 1865 6 2383 10 1395
4 3 1650 4 1770 5 2475 6 2324
5 3 1667 4 1865 7 1962 10 1517 5 2667
3 3 1681 5 2620 7 1921
4 3 1690 4 1822 5 2573 6 2415
5 3 1692 4 1884 5 2643 7 1931 6 2536
5 3 1704 5 2619 7 1920 4 1863 6 2478
5 3 1720 4 1900 5 2642 7 1919 10 1467
4 3 1768 4 1958 5 2709 7 1961
5 3 1779 4 2020 6 2650 7 2009 10 1565
2 3 1788 4 1975
4 3 1808 7 1989 4 2036 5 2807
5 3 1809 5 2832 6 2667 7 2019 4 2057
2 3 1879 5 2892
3 3 1891 4 2149 10 1686
7 3 1942 4 2231 5 3048 10 1731 6 2848 7 2133 9 2229
3 3 1943 4 2286 6 2928
2 3 2050 10 1768
4 3 2051 10 1807 4 2315 9 2359
3 3 2113 4 2413 9 2522
2 3 2159 4 2356
2 3 2170 4 2443
2 3 2187 4 2384
2 3 2200 4 2382
2 3 2276 4 2529
2 3 2308 5 3532
2 3 2343 4 2695
2 3 2390 4 2819
2 3 2411 4 2788
2 3 3218 7 3787
2 3 3318 5 4423
2 3 3319 5 4429
2 3 3354 5 4434
2 3 3468 5 4462
3 3 3559 5 4515 9 5093
2 3 3607 9 5145
3 3 3608 4 3870 9 5146
2 3 3666 4 4112
2 3 3757 4 4157
2 3 3782 4 3974
2 3 3805 10 4424
2 3 3860 4 3989
2 3 3881 7 3984
2 3 3905 5 4719
2 3 3911 6 5002
2 3 3937 7 4137
3 3 3951 9 5695 10 4528
2 3 3952 4 4424
2 3 3955 6 5021
3 3 3987 6 4849 7 4111
2 3 3990 7 4154
2 3 3993 6 5039
4 3 3999 7 4199 10 4701 9 5827
3 3 4002 7 4058 10 4561
2 3 4010 6 4843
2 3 4011 7 4135
3 3 4036 6 4885 7 4143
3 3 4037 7 4169 9 5809
2 3 4038 7 4191
2 3 4041 7 4110
2 3 4043 7 4216
2 3 4056 4 4111
2 3 4061 7 4257
2 3 4074 9 5688
3 3 4077 7 4275 10 4778
2 3 4081 7 4161
2 3 4094 10 4246
2 3 4098 7 4188
4 3 4108 7 4187 9 5882 10 4710
3 3 4132 10 4302 4 4311
3 3 4137 9 5880 10 4682
2 3 4144 4 4400
2 3 4168 4 4206
3 3 4171 4 4435 5 4966
2 3 4193 4 4248
3 3 4216 9 5906 7 3749
2 3 4224 4 4266
2 3 4229 4 4274
3 3 4230 4 4499 9 5927
2 3 4283 4 4334
2 3 4293 9 5817
2 3 4311 5 5274
2 3 4329 4 4642
5 3 4352 4 4610 5 5107 7 3967 9 8145
3 3 4370 10 4727 9 6037
3 3 4373 4 4742 9 6272
2 3 4409 6 4505
2 3 4420 4 4713
2 3 4427 9 6160
3 3 4435 4 4654 9 6169
2 3 4442 5 5188
2 3 4467 4 4845
5 3 4473 5 5214 9 6237 4 4709 7 4160
2 3 4476 4 4844
2 3 4477 5 5417
4 3 4490 4 4722 5 5223 9 6245
2 3 4491 4 4756
2 3 4495 5 5357
3 3 4498 4 4861 5 5407
2 3 4507 4 4726
2 3 4509 5 5373
2 3 4517 4 4831
4 3 4522 4 4735 5 5237 9 6278
2 3 4524 5 5391
2 3 4541 4 4824
2 3 4544 4 4931
2 3 4552 4 4843
2 3 4580 4 4891
2 3 4583 4 4734
3 3 4585 4 4906 9 6525
2 3 4588 4 4905
3 3 4589 9 6546 10 5253
2 3 4590 4 4948
2 3 4593 4 4973
4 3 4597 4 4886 6 5154 5 5367
2 3 4603 4 4952
2 3 4610 9 6614
2 3 4619 9 6533
5 3 4629 6 5177 4 4922 5 5389 10 6755
3 3 4632 9 8196 10 6763
5 3 4633 4 4972 6 5250 9 8201 10 5324
2 3 4636 4 5031
2 3 4644 4 4794
2 3 4649 9 6651
2 3 4653 5 6972
4 3 4659 4 4770 9 6295 10 4888
6 3 4663 6 5203 5 5419 7 4487 10 5307 8 3770
2 3 4664 4 5057
3 3 4670 4 5022 6 5285
2 3 4688 4 4940
3 3 4697 4 4989 10 6765
2 3 4700 10 6729
3 3 4701 4 5002 10 5357
4 3 4705 6 5229 4 5001 10 5348
2 3 4735 5 5272
5 3 4736 4 4848 5 5268 9 6432 10 4995
5 3 4737 4 5053 5 5460 10 5391 9 6710
3 3 4738 4 5071 9 6704
3 3 4747 9 8198 4 6675
2 3 4752 4 5317
4 3 4757 4 5121 5 5553 9 6824
5 3 4792 4 4896 5 5292 9 6510 10 5060
6 3 4794 4 5097 10 6784 9 8221 5 6978 6 5294
5 3 4810 4 4918 5 5310 6 5080 10 6737
2 3 4816 6 5336
2 3 4820 4 4895
3 3 4827 9 6795 10 5445
3 3 4828 9 6802 10 5468
2 3 4849 9 6759
2 3 4855 4 4939
2 3 4856 6 5365
2 3 4857 10 6805
3 3 4925 4 5225 9 6936
2 3 4949 4 5075
3 3 4987 5 5568 10 5543
3 3 4988 5 5577 9 8247
2 3 5000 5 5622
2 3 5021 5 5600
2 3 5036 5 5614
4 3 5042 4 5312 5 5703 6 5519
2 3 5044 4 5371
2 3 5045 4 5385
2 3 5057 4 5362
2 3 5074 4 5408
3 3 5101 4 5394 6 5539
2 3 5225 4 5426
3 3 5241 4 5264 5 5469
3 3 5300 4 5283 5 5474
2 3 5342 4 5297
3 3 5347 4 5311 5 5482
2 3 5355 5 5489
2 3 5816 7 5596
3 3 5821 7 1798 4 1790
2 3 5822 5 6494
3 3 5830 6 2439 4 1847
2 3 5980 7 5952
2 3 6115 4 6592
2 3 6126 9 9211
2 3 6138 9 8123
4 3 6142 7 6090 9 9227 10 7600
4 3 6159 4 6632 5 6938 9 8143
2 3 6174 4 6656
3 3 6181 4 6660 7 4509
4 3 6198 4 6666 5 6964 7 4459
2 3 6207 4 6680
2 3 6228 4 6699
3 3 6234 4 6709 9 9398
2 3 6546 5 7421
2 3 6549 5 7438
2 3 6936 6 8686
2 3 6942 6 7057
2 3 6948 6 8181
2 3 6971 4 7472
2 3 6981 5 7896
2 3 7011 9 9743
3 3 7018 9 9750 10 8072
3 3 7021 4 7522 9 9281
2 3 7023 4 7900
5 3 7027 4 7530 5 7963 6 7082 10 7651
2 3 7028 10 7681
2 3 7031 9 9321
3 3 7033 5 8008 7 6141
2 3 7041 4 7565
3 3 7042 4 7536 5 7978
2 3 7073 4 7579
4 3 7076 4 7582 6 8280 9 9776
2 3 7282 4 7854
4 3 7356 4 7891 9 9735 10 8043
2 3 7360 4 7908
2 3 7361 4 7911
3 3 7365 5 8402 9 9772
2 3 7372 5 8395
3 4 39 5 665 6 851
2 4 50 5 549
3 4 51 5 639 6 784
3 4 52 5 713 6 880
2 4 70 5 618
2 4 73 5 689
2 4 146 5 733
2 4 167 5 710
2 4 170 5 778
2 4 172 5 829
2 4 194 5 709
2 4 195 5 802
2 4 198 5 884
2 4 199 5 886
2 4 234 5 800
2 4 236 5 881
2 4 273 5 826
3 4 274 5 926 6 1057
2 4 308 5 878
2 4 309 5 949
2 4 334 5 973
2 4 413 5 1028
4 4 428 5 1115 6 1242 7 1295
2 4 452 5 1114
2 4 454 5 1176
2 4 523 5 1259
2 4 536 5 1295
2 4 602 5 1382
2 4 604 5 1411
2 4 622 5 1611
2 4 639 5 1469
2 4 657 5 1468
3 4 672 5 1547 6 1768
2 4 706 5 1608
2 4 707 5 1577
2 4 714 5 1730
2 4 750 5 1635
4 4 778 5 1684 6 1851 7 1828
2 4 782 5 1814
2 4 817 5 1875
2 4 836 5 1902
3 4 900 5 1811 6 1995
2 4 918 5 1900
2 4 919 5 1968
2 4 921 5 2025
2 4 944 5 1945
3 4 993 5 2049 6 2258
2 4 1005 5 2098
2 4 1071 5 2124
2 4 1085 5 2194
3 4 1102 5 2193 6 2423
2 4 1104 5 2195
2 4 1158 5 2215
2 4 1159 5 2241
2 4 1160 5 2242
2 4 1177 5 2260
3 4 1195 5 2289 6 2489
2 4 1196 5 2313
3 4 1210 5 2312 6 2488
3 4 1231 5 2355 6 2573
2 4 1296 5 2441
2 4 1365 5 2458
2 4 1384 5 2511
2 4 1385 5 2530
2 4 1432 5 2627
2 4 1447 5 2626
2 4 1470 5 2671
2 4 1494 5 2670
2 4 1511 5 2696
2 4 1585 5 2793
2 4 1614 6 2167
2 4 1628 6 2118
2 4 1629 6 2145
2 4 1630 6 2208
2 4 1635 5 2769
2 4 1647 6 2273
2 4 1687 5 2901
2 4 1701 6 2246
2 4 1724 9 1587
2 4 1751 6 2325
2 4 1752 6 2360
2 4 1769 9 1606
4 4 1791 6 2381 7 1817 5 2495
4 4 1805 6 2416 7 1838 5 2525
2 4 1819 9 1686
2 4 1862 6 2414
2 4 1864 6 2508
2 4 1871 5 3172
2 4 1886 5 3121
2 4 1898 9 1786
2 4 1906 5 3139
2 4 1927 5 3138
2 4 1930 5 3192
2 4 1947 5 3218
2 4 1957 6 2560
2 4 1983 5 3236
2 4 1990 5 2468
2 4 1994 9 1904
2 4 1995 9 1906
2 4 2019 9 1905
3 4 2035 6 2625 9 1942
2 4 2078 9 1992
2 4 2080 5 3307
2 4 2091 9 2022
2 4 2130 9 2098
2 4 2131 5 3412
3 4 2160 5 2519 6 2036
2 4 2168 5 3361
3 4 2201 5 3467 6 3425
3 4 2245 9 2259 10 1730
2 4 2253 5 3502
3 4 2264 5 2635 6 2116
2 4 2272 5 3501
2 4 2304 9 2357
2 4 2309 5 3525
2 4 2331 5 2752
2 4 2333 5 2779
2 4 2346 5 3612
2 4 2350 5 2751
2 4 2369 5 6670
2 4 2379 5 2825
2 4 2416 5 3610
2 4 2436 5 2883
2 4 2451 5 3687
2 4 2457 5 2936
2 4 2475 5 3694
2 4 2479 5 2935
2 4 2491 5 2957
2 4 2506 5 3659
2 4 2510 5 2979
2 4 2512 5 3108
3 4 2585 6 3194 10 2168
2 4 2656 9 2980
2 4 2739 5 3316
3 4 2750 9 3134 6 3273
2 4 2896 5 3528
2 4 3440 5 4132
2 4 3491 5 4179
2 4 3677 5 4583
2 4 3914 6 4658
2 4 3936 7 3410
2 4 4037 9 5296
2 4 4130 6 4351
2 4 4233 9 5559
2 4 4406 9 5740
3 4 4436 9 5755 10 4594
4 4 4437 9 5742 7 4080 10 4595
2 4 4438 9 5772
2 4 4456 9 5879
2 4 4496 5 5245
2 4 4526 9 5972
2 4 4568 5 5257
3 4 4581 9 6063 10 4766
3 4 4585 5 5277 6 5209
3 4 4601 9 6094 7 3933
3 4 4620 9 6118 5 5112
3 4 4625 5 5314 6 5254
2 4 4648 9 6151
2 4 4669 9 6186
2 4 4698 5 5392
3 4 4738 5 5443 6 5487
2 4 4746 5 5428
3 4 4747 5 5442 6 5486
4 4 4749 9 6283 5 5326 10 5018
2 4 4762 9 6287
3 4 4763 9 6292 5 5341
3 4 4781 5 5481 6 5530
3 4 4808 5 5517 6 5575
3 4 4811 10 5094 5 5303
2 4 4823 10 5109
5 4 4828 9 6398 5 5253 6 4985 10 4966
3 4 4834 9 6404 10 4968
3 4 4838 10 4974 9 6413
2 4 4839 6 5226
2 4 4850 9 8175
2 4 4857 5 5258
2 4 4873 10 5027
2 4 4898 10 5200
3 4 4907 9 9300 10 6746
2 4 4908 6 5246
2 4 4921 10 6740
2 4 4934 5 5340
3 4 4935 7 4466 10 5283
2 4 4943 7 4804
2 4 4955 7 4802
2 4 4980 5 5394
2 4 4988 9 6626
2 4 4996 6 5162
2 4 5015 5 5635
3 4 5018 5 5658 6 5665
2 4 5023 9 6652
2 4 5029 5 5444
4 4 5042 5 5427 9 6673 10 5314
4 4 5056 5 5429 10 5330 9 6681
2 4 5065 9 8208
2 4 5066 5 5525
3 4 5070 5 5440 6 5211
2 4 5076 10 5429
2 4 5077 5 5486
2 4 5083 9 6747
2 4 5104 9 6773
3 4 5106 9 6796 10 5457
3 4 5109 7 4566 8 3887
2 4 5112 9 6774
4 4 5118 5 5528 6 5325 9 9363
3 4 5120 5 5533 10 5485
2 4 5124 9 6825
2 4 5128 9 6832
2 4 5141 9 6858
3 4 5142 9 6863 10 5514
3 4 5149 9 6868 10 5461
3 4 5150 9 6869 10 5504
3 4 5153 5 5769 6 5783
2 4 5157 5 5565
2 4 5173 5 6985
2 4 5174 6 5373
3 4 5184 6 5390 9 8244
2 4 5190 5 5581
4 4 5200 9 6907 10 5565 5 5591
3 4 5214 9 8248 10 6813
2 4 5229 9 6942
2 4 5248 7 4436
3 4 5254 9 6965 10 5627
2 4 5350 6 5440
3 4 5356 5 5936 6 5898
2 4 5954 5 6210
2 4 5988 5 1083
2 4 6054 5 6353
2 4 6055 5 1729
2 4 6203 5 2949
2 4 6313 5 6535
3 4 6642 9 9261 10 7626
2 4 6643 6 8251
3 4 6657 9 9287 10 7674
4 4 6664 5 5305 9 8187 6 5070
4 4 6667 5 6960 9 9311 10 7678
2 4 6687 9 9343
2 4 6688 9 9356
2 4 6697 9 8237
2 4 6700 9 9383
3 4 6707 10 7766 9 9394
3 4 6811 5 6258 6 6368
3 4 6862 5 7272 6 7499
2 4 6916 5 7368
2 4 6920 5 7386
2 4 6972 5 7452
3 4 7049 5 7371 6 1751
5 4 7520 9 9278 5 7960 6 7069 10 7634
5 4 7538 5 7982 6 8228 9 9742 10 7689
3 4 7554 5 7997 10 7721
3 4 7556 5 7998 6 8250
2 4 7557 10 7745
4 4 7559 5 8006 10 7744 9 9362
2 4 7564 5 8018
5 4 7572 5 8019 6 8275 9 9771 10 8091
2 4 7671 5 7250
2 4 7695 5 7392
2 4 7884 9 9943
2 4 7897 5 8382
2 4 8064 9 9941
3 4 8069 10 8217 5 8549
3 4 8071 6 8191 9 9946
2 4 8077 9 9958
2 4 8079 9 9961
3 4 8083 5 8559 6 8961
2 4 8171 5 8634
2 5 28 6 263
2 5 38 6 262
2 5 43 6 119
2 5 82 6 153
2 5 85 6 173
2 5 94 6 328
3 5 100 6 152 7 121
2 5 108 6 172
2 5 129 6 188
2 5 130 6 209
2 5 134 6 326
2 5 148 6 208
2 5 149 6 253
2 5 169 6 252
2 5 171 6 352
2 5 172 6 368
2 5 179 6 234
4 5 181 6 251 7 199 8 192
2 5 198 6 384
2 5 199 6 367
2 5 215 6 383
3 5 231 6 335 7 299
2 5 237 6 443
2 5 251 6 431
3 5 266 6 380 7 332
3 5 269 6 411 7 415
2 5 270 6 412
2 5 303 6 397
2 5 305 6 410
2 5 306 6 462
2 5 307 6 463
2 5 308 6 505
2 5 325 6 461
2 5 339 6 409
2 5 341 6 482
2 5 358 6 395
2 5 382 6 425
2 5 399 6 455
3 5 416 6 500 7 472
2 5 418 6 525
2 5 420 6 575
2 5 471 6 519
2 5 497 6 616
2 5 500 6 708
3 5 526 6 618 7 661
2 5 580 6 273
2 5 595 6 828
2 5 659 6 756
2 5 664 6 827
2 5 666 6 803
2 5 731 6 823
2 5 735 6 902
3 5 801 6 901 7 944
2 5 803 6 951
2 5 816 6 436
2 5 843 6 817
3 5 847 6 977 7 1011
2 5 872 6 869
3 5 879 6 975 7 972
2 5 885 6 1059
2 5 908 6 995
2 5 972 6 1114
2 5 977 6 1178
3 5 1000 6 1142 7 1245
2 5 1020 6 991
2 5 1032 6 1208
2 5 1033 6 1209
2 5 1113 6 1205
2 5 1201 6 1138
2 5 1202 6 1201
2 5 1223 6 1136
2 5 1225 6 1323
2 5 1243 6 6229
2 5 1283 6 1233
2 5 1284 6 1234
3 5 1296 6 1435 7 1475
3 5 1324 6 6384 7 5545
2 5 1379 6 1387
2 5 1404 6 1386
2 5 1449 6 810
2 5 1473 6 841
3 5 1539 6 1511 7 1335
2 5 1540 6 1548
2 5 1545 6 1699
3 5 1575 6 1731 7 1730
2 5 1598 6 1577
2 5 1599 6 1609
2 5 1610 6 1887
2 5 1627 6 1632
2 5 1641 6 984
2 5 1754 6 1908
2 5 1788 6 1970
2 5 1806 6 1822
2 5 1833 6 1821
3 5 1874 6 2080 7 1970
2 5 1937 6 1961
2 5 1966 6 2157
2 5 1967 6 2158
2 5 2076 6 2283
2 5 2109 6 1535
3 5 2147 6 2280 7 2081
2 5 2167 6 6495
3 5 2173 6 2340 7 2080
4 5 2188 6 2212 8 1468 7 1952
2 5 2192 6 2394
2 5 2211 7 1516
2 5 2225 6 1529
2 5 2229 6 1656
2 5 2239 6 2333
2 5 2286 6 2444
2 5 2298 6 1749
2 5 2299 6 1750
2 5 2311 6 2487
2 5 2331 6 2486
2 5 2354 6 2572
2 5 2371 6 2419
2 5 2377 6 2570
2 5 2456 6 2655
2 5 2457 6 2656
2 5 2467 6 1954
2 5 2509 6 2697
3 5 2510 6 2674 7 2235
2 5 2541 6 2035
2 5 2609 6 1922
2 5 2663 6 2163
2 5 2678 6 2143
2 5 2679 6 2162
2 5 2704 6 2030
2 5 2727 6 2204
2 5 2776 6 2242
2 5 2847 6 2319
2 5 2855 6 2916
2 5 2876 6 2294
2 5 2893 10 1769
3 5 2930 6 2293 7 1355
2 5 2955 6 2433
2 5 3000 6 2376
2 5 3011 9 2544
2 5 3030 7 2072
2 5 3041 6 2430
2 5 3106 6 2582
2 5 3156 6 2645
2 5 3158 6 2618
2 5 3309 6 3322
2 5 3475 9 3180
2 5 3553 7 2418
2 5 3739 6 3668
2 5 3762 6 3691
2 5 3769 6 3709
2 5 3800 6 6836
3 5 3838 9 3750 10 2798
3 5 3839 9 3751 10 2810
2 5 3872 6 3772
2 5 3890 10 6411
2 5 3944 9 3893
2 5 4047 10 3044
2 5 4129 6 3703
2 5 4157 6 3739
2 5 4201 6 3790
2 5 4293 6 4112
2 5 4446 6 4278
2 5 4461 6 4288
2 5 4534 6 4361
2 5 4595 7 3409
2 5 4602 10 4086
2 5 4616 10 4124
2 5 4625 10 4134
2 5 4685 7 3504
2 5 4753 7 4027
2 5 4759 7 3701
3 5 4891 7 3653 9 5698
2 5 4989 9 5684
3 5 5083 9 6082 10 4775
2 5 5136 7 4015
2 5 5178 9 6191
2 5 5179 7 6070
2 5 5228 9 6119
2 5 5242 9 6308
2 5 5256 6 5180
2 5 5280 10 5035
3 5 5295 9 6166 10 4961
2 5 5338 7 4660
2 5 5342 6 5272
2 5 5343 6 5290
2 5 5347 10 5166
2 5 5353 6 5292
2 5 5366 6 5339
5 5 5377 6 5142 7 4388 9 8193 8 3606
2 5 5400 7 4784
2 5 5404 6 5359
2 5 5405 6 5369
2 5 5422 7 4486
2 5 5432 9 6624
2 5 5449 6 5475
2 5 5453 7 4864
2 5 5461 6 5265
2 5 5465 7 4923
2 5 5483 6 5251
2 5 5499 6 5330
2 5 5507 6 5523
2 5 5523 6 5535
2 5 5547 7 4655
2 5 5555 6 5591
2 5 5583 6 5615
2 5 5585 7 4458
3 5 5601 10 6817 6 5401
2 5 5605 6 5434
4 5 5633 6 5647 8 4578 7 5173
2 5 5641 7 4710
2 5 5657 6 5634
2 5 5695 7 4758
4 5 5788 6 5724 7 5149 8 4508
2 5 5844 6 5878
2 5 5856 6 5877
2 5 5904 6 5829
2 5 5909 6 5845
2 5 5946 6 5868
2 5 5997 6 5983
2 5 6053 6 6187
2 5 6080 6 457
2 5 6081 6 476
2 5 6184 6 1026
2 5 6202 6 1145
2 5 6209 6 6315
2 5 6229 6 6342
2 5 6233 6 6323
2 5 6248 6 602
2 5 6252 6 6322
2 5 6346 6 1041
2 5 6364 6 1164
2 5 6428 6 1657
2 5 6433 6 1530
2 5 6436 6 2445
2 5 6445 6 1653
2 5 6473 6 1895
2 5 6846 6 6951
2 5 6944 9 6291
4 5 6947 7 4166 10 6717 6 5015
2 5 6948 9 9289
3 5 6953 6 5067 10 6732
2 5 6954 10 6734
2 5 6961 6 7094
2 5 6980 6 7146
2 5 7051 6 6220
2 5 7070 6 7288
2 5 7083 6 6257
2 5 7084 6 7303
2 5 7112 6 7338
2 5 7120 6 7313
2 5 7124 6 7350
2 5 7136 6 7349
2 5 7137 6 7360
2 5 7147 6 7358
2 5 7264 6 6304
2 5 7298 6 7378
2 5 7314 6 7507
2 5 7335 6 7398
2 5 7408 6 7605
2 5 7454 6 7541
2 5 7488 6 8457
2 5 7709 9 8893
2 5 7776 6 7872
2 5 7783 10 7348
3 5 7940 7 7019 9 9725
2 5 7973 6 8213
3 5 7974 7 7171 9 9268
2 5 7991 6 7107
2 5 7995 7 7139
2 5 8007 6 7123
2 5 8031 6 8327
2 5 8162 6 7503
3 5 8374 9 9951 10 8219
3 5 8384 6 8220 10 8228
2 5 8392 6 8724
2 5 8401 6 8728
2 5 8413 6 8377
3 5 8474 9 9850 7 7668
2 5 8550 9 9945
3 6 9 7 14 8 18
2 6 63 7 64
3 6 90 7 79 8 76
3 6 104 7 78 8 71
3 6 109 7 108 8 110
3 6 138 7 120 8 98
2 6 139 7 138
3 6 171 7 149 8 117
3 6 187 7 150 8 118
3 6 233 8 136 7 178
2 6 254 7 212
2 6 258 7 5281
2 6 278 8 239
2 6 324 7 270
2 6 333 7 268
2 6 334 7 269
2 6 338 7 358
2 6 379 8 304
2 6 381 7 386
2 6 399 7 437
2 6 426 8 390
2 6 440 7 364
2 6 448 7 61
2 6 454 7 382
2 6 477 7 434
2 6 498 7 429
3 6 516 7 407 8 409
2 6 554 7 5349
2 6 572 7 584
2 6 589 7 562
2 6 614 7 598
2 6 617 7 660
2 6 660 7 619
2 6 661 7 679
2 6 662 7 5362
2 6 680 7 616
3 6 690 7 167 8 15
2 6 691 7 5272
2 6 716 7 203
2 6 732 7 803
2 6 753 7 676
2 6 759 7 821
2 6 783 7 782
3 6 808 7 220 8 38
2 6 838 7 293
2 6 850 7 863
2 6 887 7 305
2 6 899 7 918
2 6 935 7 375
2 6 948 7 916
2 6 976 7 1010
2 6 1037 7 401
3 6 1049 7 989 8 919
2 6 1068 7 452
2 6 1113 7 1124
2 6 1137 7 1064
3 6 1154 7 390 8 113
2 6 1174 7 1123
2 6 1187 7 501
2 6 1238 7 1242
2 6 1239 7 1269
2 6 1243 7 1322
2 6 1248 7 482
2 6 1249 7 524
2 6 1265 7 1372
2 6 1291 7 1340
2 6 1327 7 1393
2 6 1328 7 1394
2 6 1341 7 609
2 6 1359 8 1123
2 6 1360 8 1124
2 6 1362 7 1370
3 6 1369 7 478 8 173
2 6 1407 7 517
2 6 1424 7 1238
2 6 1426 7 1263
2 6 1444 7 545
2 6 1481 7 1472
2 6 1517 7 1575
2 6 1583 8 1246
2 6 1621 7 666
2 6 1639 7 1685
2 6 1650 7 665
2 6 1652 7 754
2 6 1672 7 1713
2 6 1700 7 1684
2 6 1727 8 1292
2 6 1766 7 1750
2 6 1767 7 1751
3 6 1789 7 1565 8 1220
2 6 1796 8 1329
2 6 1828 7 1772
2 6 1850 7 1811
2 6 1884 7 1826
3 6 1891 7 903 8 488
2 6 1909 7 1878
2 6 1957 10 1152
3 6 1987 8 1328 7 1762
3 6 2045 7 1763 8 1354
2 6 2076 8 1451
2 6 2079 7 1956
2 6 2109 7 1053
3 6 2152 7 5621 8 1432
3 6 2174 8 1363 7 1802
2 6 2175 7 1847
2 6 2209 10 1289
2 6 2214 8 1487
2 6 2253 8 1500
2 6 2264 7 1354
2 6 2281 7 2068
2 6 2310 7 2067
2 6 2350 7 1403
3 6 2365 7 1993 8 4842
2 6 2375 7 1429
2 6 2393 7 2118
3 6 2402 7 1400 8 853
2 6 2407 7 1427
2 6 2455 7 1485
2 6 2495 7 1454
2 6 2516 7 2146
2 6 2522 7 1453
2 6 2561 9 1842
2 6 2569 7 2173
3 6 2694 7 2183 8 1630
2 6 2714 7 2248
2 6 2867 7 2343
4 6 3058 9 7584 10 1973 7 2265
2 6 3161 10 2133
2 6 3683 7 3026
2 6 3807 7 3119
2 6 3841 7 3141
2 6 3896 7 3183
2 6 3905 7 3205
2 6 3943 7 3228
2 6 3957 7 3245
2 6 3958 7 3251
2 6 3986 7 3276
2 6 4040 7 3344
2 6 4060 7 3359
2 6 4065 7 3350
2 6 4078 7 3354
2 6 4088 7 3387
2 6 4090 7 3135
2 6 4106 7 3151
2 6 4117 7 3407
2 6 4131 7 3421
2 6 4149 7 3433
2 6 4172 7 3456
2 6 4177 7 3461
2 6 4203 9 4435
2 6 4205 7 3490
2 6 4207 7 3489
2 6 4211 7 3511
2 6 4216 9 4451
2 6 4217 7 3517
2 6 4218 7 3523
2 6 4261 7 3570
2 6 4291 9 4737
2 6 4307 7 3637
2 6 4313 8 5148
3 6 4336 7 3687 8 3133
2 6 4360 7 3731
2 6 4384 8 2891
2 6 4416 7 3804
2 6 4423 7 6014
2 6 4433 7 3844
2 6 4447 7 3843
3 6 4460 7 3861 8 3329
2 6 4465 7 3890
2 6 4474 7 3913
2 6 4497 7 3938
3 6 4509 7 3947 8 3399
2 6 4525 10 4012
2 6 4534 7 3989
2 6 4543 7 4005
2 6 4553 7 3987
3 6 4554 7 3988 8 3436
3 6 4555 7 3997 8 3444
2 6 4564 7 4013
2 6 4569 7 3996
3 6 4570 7 4004 8 3443
2 6 4576 10 4034
3 6 4581 7 4012 8 3457
2 6 4594 7 4056
2 6 4605 8 3491
2 6 4622 8 3506
3 6 4623 7 4078 8 3507
3 6 4628 10 4091 7 4017
3 6 4637 7 4090 8 3523
3 6 4646 10 7487 7 4028
2 6 4650 7 6075
2 6 4679 7 4149
2 6 4687 7 4183
2 6 4747 7 4238
2 6 4773 10 4265
3 6 4941 7 4408 8 3813
2 6 5086 8 3680
3 6 5127 8 4048 7 4573
3 6 5150 8 4073 7 4605
3 6 5271 10 5170 9 6300
2 6 5387 8 4119
3 6 5395 10 5352 9 6476
2 6 5403 8 4146
2 6 5404 8 4153
2 6 5413 8 4177
2 6 5426 8 4199
2 6 5436 8 4169
2 6 5443 8 4176
2 6 5447 8 4441
2 6 5468 8 4218
2 6 5501 8 4204
2 6 5502 8 4299
2 6 5548 8 4280
3 6 5550 8 4503 7 5081
2 6 5552 8 4323
2 6 5560 8 4298
2 6 5574 8 4311
2 6 5597 8 5311
3 6 5637 8 4573 7 5166
3 6 6143 8 4616 7 5267
2 6 6157 7 6226
2 6 6181 7 5318
2 6 6200 7 5317
2 6 6203 7 5242
2 6 6208 7 5249
2 6 6218 7 5355
2 6 6314 7 5456
2 6 6340 8 4762
2 6 6366 7 1339
2 6 6380 7 1262
2 6 6456 8 4810
2 6 6493 7 1849
2 6 6529 7 5497
2 6 6539 7 5519
2 6 6568 7 6562
2 6 6855 7 5901
2 6 6980 7 6987
2 6 6990 7 3939
2 6 7012 7 7047
2 6 7026 7 7071
2 6 7033 7 7083
3 6 7111 10 7713 9 9334
2 6 7122 10 8079
2 6 7226 8 6195
2 6 7306 7 6238
2 6 7327 7 6365
2 6 7328 7 6356
3 6 7343 8 5441 7 6343
2 6 7352 7 6261
2 6 7371 7 6267
2 6 7496 8 6241
2 6 7514 7 6379
2 6 7535 7 6546
2 6 7562 7 6427
2 6 7567 7 6532
2 6 7702 9 9511
2 6 7970 7 5935
2 6 8025 7 6907
2 6 8051 7 6952
2 6 8123 7 7056
2 6 8138 7 7065
2 6 8267 10 8085
2 6 8364 7 7263
2 6 8381 7 6344
2 6 8402 7 7619
2 6 8449 7 7342
2 6 8657 7 7546
2 7 22 8 34
2 7 23 8 35
2 7 33 8 33
2 7 42 8 32
2 7 43 8 39
2 7 44 8 40
2 7 50 8 45
2 7 77 8 62
2 7 87 8 83
2 7 105 8 92
2 7 134 8 106
2 7 135 8 109
2 7 136 8 119
2 7 139 8 125
2 7 151 8 138
2 7 170 8 137
2 7 179 8 163
2 7 198 8 190
2 7 207 8 187
2 7 211 8 240
2 7 225 8 219
2 7 228 8 220
2 7 238 8 217
2 7 239 8 238
2 7 265 8 281
2 7 281 8 266
2 7 283 8 283
2 7 312 8 316
2 7 315 8 334
2 7 316 8 335
2 7 322 8 79
2 7 338 8 88
2 7 340 8 90
2 7 342 8 103
2 7 373 8 101
2 7 395 8 370
2 7 397 8 112
2 7 399 8 131
2 7 427 8 439
2 7 442 8 129
2 7 471 8 518
2 7 481 8 158
2 7 489 8 471
2 7 499 8 184
2 7 532 8 549
2 7 537 8 576
2 7 560 8 550
2 7 579 8 572
2 7 583 8 631
2 7 634 8 297
2 7 643 8 593
2 7 645 8 611
2 7 667 8 313
2 7 693 8 671
2 7 696 8 695
2 7 704 8 274
2 7 719 8 711
2 7 778 8 724
2 7 788 8 338
2 7 792 8 400
2 7 809 8 435
2 7 837 8 770
2 7 850 8 487
2 7 859 8 810
2 7 871 8 489
2 7 885 8 807
2 7 886 8 808
2 7 887 8 809
2 7 902 8 512
2 7 941 8 861
2 7 966 8 860
2 7 1003 8 903
2 7 1014 8 524
2 7 1022 8 587
2 7 1032 8 901
2 7 1043 8 522
2 7 1065 8 966
2 7 1086 8 950
2 7 1116 8 963
2 7 1134 8 655
2 7 1184 8 991
2 7 1186 8 992
2 7 1189 8 1020
2 7 1207 8 917
2 7 1208 8 1019
2 7 1237 8 990
2 7 1253 8 742
2 7 1260 8 1032
2 7 1261 8 1044
2 7 1273 8 684
2 7 1318 8 1139
2 7 1433 8 1118
2 7 1434 8 1135
2 7 1461 8 1149
2 7 1493 8 1187
2 7 1567 8 1243
2 7 1588 8 1201
2 7 1589 8 4800
2 7 1614 8 1200
2 7 1636 8 1251
2 7 1637 8 1253
2 7 1653 8 1287
2 7 1656 8 1304
2 7 1733 8 1004
2 7 1740 8 1316
2 7 1760 8 1315
2 7 1761 8 1327
2 7 1803 8 1376
2 7 1831 8 1066
2 7 1848 8 1398
2 7 1851 8 1405
2 7 1860 8 1065
2 7 1862 8 1110
2 7 1867 8 1374
2 7 1885 8 1420
2 7 1900 8 1096
2 7 1927 8 1131
2 7 1935 8 1438
2 7 1936 8 1457
2 7 1948 8 1448
2 7 1951 8 1467
2 7 1985 8 1181
2 7 1986 8 1182
2 7 2006 8 1212
2 7 2018 8 1225
2 7 2030 8 4848
2 7 2048 8 1543
2 7 2069 8 1257
2 7 2073 8 1485
2 7 2090 8 1558
2 7 2128 8 1583
2 7 2142 8 1600
2 7 2174 8 1367
2 7 2210 8 1645
2 7 2303 8 1669
2 7 2304 8 1681
2 7 2308 8 1763
2 7 2335 8 1690
2 7 2355 8 1803
2 7 2446 8 1878
2 7 2485 8 1905
2 7 2500 8 4945
2 7 2512 8 1923
2 7 2546 8 1946
2 7 2623 8 1938
2 7 2652 8 1964
2 7 2809 8 1912
2 7 2844 8 1988
2 7 2849 8 2151
2 7 2860 8 2188
2 7 2867 8 1954
2 7 2874 8 1962
2 7 2877 8 2198
2 7 2893 8 1995
2 7 2901 8 2023
2 7 2935 8 2038
2 7 2942 8 4990
2 7 2966 8 2061
2 7 3005 8 2268
2 7 3021 8 2307
2 7 3027 8 2091
2 7 3028 8 2125
2 7 3029 8 2113
2 7 3042 8 2109
2 7 3048 8 2134
2 7 3058 8 2323
2 7 3063 8 2156
2 7 3064 8 2160
2 7 3077 8 5053
2 7 3090 8 2334
2 7 3106 8 2209
2 7 3114 8 2222
2 7 3127 8 2411
2 7 3131 8 2419
2 7 3132 8 2422
2 7 3146 8 2428
2 7 3150 8 2265
2 7 3161 8 2435
2 7 3162 8 5064
2 7 3176 8 2463
2 7 3181 8 5068
2 7 3197 8 2310
2 7 3213 8 2528
2 7 3221 8 2538
2 7 3267 8 2630
2 7 3275 8 2642
2 7 3330 8 2676
2 7 3419 8 2779
2 7 3492 9 5344
2 7 3512 9 5369
2 7 3537 9 5407
2 7 3571 9 5526
2 7 3580 9 5545
2 7 3587 9 5572
2 7 3588 9 5563
2 7 3602 9 5592
2 7 3670 8 3116
2 7 3679 8 3123
2 7 3690 9 8117
2 7 3693 9 5753
2 7 3726 9 8127
2 7 3746 9 5899
2 7 3783 9 5964
2 7 3789 8 3284
2 7 3879 8 3339
2 7 3923 9 6078
2 7 3946 8 3398
3 7 4026 9 5689 10 4509
2 7 4036 9 6161
3 7 4130 9 5793 10 4631
2 7 4175 10 4684
2 7 4178 9 5833
2 7 4201 10 4711
2 7 4203 10 4706
2 7 4234 8 3380
2 7 4241 10 4749
2 7 4281 10 4788
3 7 4404 10 4881 9 6163
2 7 4414 8 3643
2 7 4473 8 3731
2 7 4476 10 4984
2 7 4495 8 3787
2 7 4542 8 3843
2 7 4552 8 4024
2 7 4577 8 3906
2 7 4586 8 3863
2 7 4609 8 4115
2 7 4628 8 3953
2 7 4636 8 4121
2 7 4640 8 3983
2 7 4650 8 4123
2 7 4674 8 3981
2 7 4683 8 4011
2 7 4689 8 4137
2 7 4692 8 4018
2 7 4696 8 4147
2 7 4704 8 4009
2 7 4725 8 4027
2 7 4728 8 4226
2 7 4738 8 4225
2 7 4744 8 4053
2 7 4760 9 6446
2 7 4765 8 4064
2 7 4782 8 4076
2 7 4786 8 4282
2 7 4800 8 4100
2 7 4831 8 4130
2 7 4870 8 4357
2 7 4871 8 4363
2 7 4909 8 4197
2 7 4916 8 4443
2 7 4925 8 4410
2 7 4931 8 4220
2 7 4955 8 4474
2 7 4962 8 4404
2 7 4970 8 4424
2 7 4976 8 4259
2 7 4999 8 4505
2 7 5040 8 4512
2 7 5047 8 4487
2 7 5048 8 5327
2 7 5049 8 4518
2 7 5050 8 4537
2 7 5055 8 4492
2 7 5082 8 4543
2 7 5117 8 4549
2 7 5127 8 4570
2 7 5196 8 4393
2 7 5197 8 4559
2 7 5207 8 4569
2 7 5237 8 4596
2 7 5247 8 4605
2 7 5252 8 4598
2 7 5253 8 4603
2 7 5254 8 5334
2 7 5260 8 4608
2 7 5264 8 4612
2 7 5284 8 269
2 7 5330 8 4610
2 7 5332 8 4615
2 7 5338 8 4674
2 7 5409 8 4730
2 7 5452 8 4687
2 7 5460 8 5468
2 7 5488 8 4768
2 7 5523 8 4778
2 7 5527 8 4789
2 7 5571 8 4807
2 7 5654 8 4866
2 7 5665 8 4884
2 7 5691 8 5638
2 7 5797 8 4949
2 7 5819 8 4957
2 7 5828 8 5689
2 7 5858 8 4986
2 7 5888 8 5004
2 7 5919 8 5065
2 7 5938 8 5869
2 7 5964 8 5908
2 7 5996 8 5156
2 7 6132 8 3823
2 7 6145 8 5270
2 7 6181 8 5319
2 7 6221 8 5346
2 7 6281 8 5350
2 7 6296 8 5343
2 7 6311 8 5354
2 7 6334 8 5429
2 7 6399 8 5482
2 7 6410 8 5496
2 7 6418 8 5495
2 7 6429 8 5504
2 7 6432 8 6232
2 7 6434 8 5424
2 7 6439 8 5511
2 7 6500 8 5493
2 7 6504 8 5552
2 7 6513 8 5499
2 7 6559 8 6254
2 7 6593 8 5624
2 7 6633 8 5646
2 7 6691 8 5698
2 7 6800 8 5731
2 7 6804 8 5737
2 7 6813 8 6329
2 7 6820 8 5009
2 7 6826 8 5801
2 7 6839 8 5816
2 7 6847 8 6349
2 7 6848 8 5835
2 7 6944 9 9193
2 7 6979 9 9232
2 7 6982 9 9235
2 7 7033 9 9258
2 7 7061 10 7585
3 7 7081 10 7601 9 9220
2 7 7175 8 6125
2 7 7214 8 6183
2 7 7299 8 6224
2 7 7331 8 6240
2 7 7333 8 6242
2 7 7356 8 6250
2 7 7595 8 6479
2 7 7858 9 10031
2 9 5662 10 4470
2 9 5703 10 4499
2 9 5744 10 4604
2 9 5754 10 4586
2 9 5762 10 4585
2 9 5826 10 4658
2 9 5832 10 4675
2 9 5844 10 4720
2 9 5851 10 4696
2 9 5901 10 4744
2 9 5923 10 4752
2 9 5929 10 4763
2 9 5946 10 6707
2 9 5966 10 4776
2 9 5976 10 4784
2 9 6021 10 4741
2 9 6036 10 4867
2 9 6041 10 4822
2 9 6067 10 4873
2 9 6073 10 4828
2 9 6107 10 4861
2 9 6134 10 4947
2 9 6171 10 4896
2 9 6213 10 4913
2 9 6221 10 4919
2 9 6222 10 5048
2 9 6288 10 4983
2 9 6289 10 5029
2 9 6319 10 5015
2 9 6328 10 4900
2 9 6330 10 5041
2 9 6337 10 5261
2 9 6340 10 5062
2 9 6354 10 4950
2 9 6415 10 5147
2 9 6418 10 5179
2 9 6422 10 5146
2 9 6423 10 5154
2 9 6425 10 4986
2 9 6453 10 5363
2 9 6466 10 5161
2 9 6467 10 5188
2 9 6481 10 5201
2 9 6482 10 5212
2 9 6484 10 5026
2 9 6492 10 5211
2 9 6509 10 5059
2 9 6529 10 5078
2 9 6530 10 5087
2 9 6538 10 5085
2 9 6555 10 5271
2 9 6559 10 5285
2 9 6561 10 5138
2 9 6562 10 5185
2 9 6576 10 5284
2 9 6598 10 5309
2 9 6617 10 5151
2 9 6618 10 5308
2 9 6630 10 5249
2 9 6636 10 5197
2 9 6644 10 5176
2 9 6680 10 5392
2 9 6709 10 5280
2 9 6720 10 5347
2 9 6767 10 5329
2 9 6818 10 5486
2 9 6845 10 5509
2 9 6870 10 5520
2 9 6871 10 5521
2 9 6875 10 5530
2 9 6882 10 5539
2 9 6892 10 5477
2 9 6895 10 5508
2 9 6898 10 5547
2 9 6902 10 5566
2 9 6908 10 5586
2 9 6924 10 5581
2 9 6931 10 5572
2 9 6955 10 5588
2 9 6956 10 5601
2 9 6977 10 5613
2 9 6982 10 5657
2 9 6983 10 5663
2 9 6989 10 5651
2 9 6995 10 5674
2 9 7020 10 5712
2 9 8168 10 5123
2 9 8257 10 6826
2 9 9263 10 7632
2 9 9282 10 7661
2 9 9305 10 7697
2 9 9338 10 7700
2 9 9389 10 7752
2 9 9393 10 7760
2 9 9739 10 7673
2 9 9748 10 8056
