
1686 1985 1771 2062 1850 2160 1905 2209 1930 2219 1957 2258 1994 2271 1995 2301 2006 2319 2025 2334 2026 2335 2073 2385 2074 2397 2087 2396 2130 2441 2131 2447 2161 2472 2202 2471 2205 2501 2241 2527 2278 2540 2295 2539 2320 2569 2357 2593 2359 2633 2372 2617 2390 2641 2403 2649 2411 2639 2412 2648 2430 2660 2431 2668 2459 2667 2499 2720 2518 2726 2589 2768 3351 5791 3651 3639 4292 3981 4466 4163 4528 4122 4552 4142 4664 4195 4686 4219 4688 4272 4698 4213 4700 4290 4714 4203 4716 4232 4720 5917 4732 4218 4737 4217 4746 4297 4758 4243 4769 4242 4809 4280 4819 4288 4831 4268 4844 5895 4845 5928 4854 4319 4869 4299 4871 4348 4873 4394 4892 4304 4894 4373 4926 4364 4935 4487 4942 4330 4945 4412 4953 4429 4960 4370 4961 4411 4965 4391 4966 4418 4985 4436 4996 4409 5009 4435 5011 4444 5033 4442 5294 4645 5560 5025 6416 6416 6468 5607 6638 6695 6845 5887 6847 6858 6855 5898 7287 6446 7323 6466 7328 6474 7329 6468 7766 6822 7781 6839 7788 6855 7790 6851 7797 6844 7799 6850 7801 7256 7802 7505 7809 6857 7811 6866 8217 7250 8227 7257 8476 7474 8479 7498 8481 7476 8507 7494 
1649 2296 1770 2469 1803 2486 4794 5299 4819 5298 4830 5284 4854 5321 4884 5430 4892 5307 4893 5416 4894 5439 4911 5429 4916 5415 4943 5381 4996 5414 5010 5495 5052 5480 5086 5428 5088 5515 5168 5581 5636 5367 6368 6769 6845 8106 7799 8103 7808 8124 7809 8519 7810 8123 7832 8140 7834 8149 8215 8501 8236 8522 8270 8092 
1649 1488 1771 1663 1803 1678 1877 1756 1903 1775 1904 1838 1930 1828 1955 1851 1956 1860 1957 1906 1974 1849 1994 1875 2026 1988 2035 1890 2036 2001 2058 1929 2074 2089 2097 2048 2116 2018 2131 2137 2159 2047 2219 2167 2241 2231 2278 2211 2279 2229 2295 2198 2305 2182 2306 2255 2320 2238 2346 2297 2359 2347 2372 2317 2388 2284 2389 2316 2390 2346 2430 2340 2431 2353 2470 2352 4830 4282 4911 4368 6469 2256 6847 6986 6854 6160 7771 6957 7788 7333 7797 6970 8481 7495 


245 30 297 223 310 6346 348 264 350 316 381 192 407 376 449 188 489 357 507 356 518 278 522 489 523 490 532 329 551 532 591 574 592 611 601 416 603 560 605 610 614 559 643 609 649 558 650 608 668 626 669 691 763 6459 794 762 797 831 830 811 845 6454 846 870 880 849 881 976 901 6476 911 940 912 975 934 936 936 6501 937 1027 952 1041 964 1082 988 1009 996 1025 997 1061 998 1162 1012 1062 1026 1115 1041 1160 1059 1177 1060 1192 1063 1236 1076 1139 1077 1289 1112 1191 1113 1286 1125 1189 1127 1309 1204 1307 1236 1382 1237 1404 1238 1453 1265 1414 1279 1381 1280 1450 1307 1449 1309 1537 1321 1469 1322 1552 1400 1513 1405 1614 1406 1615 1499 1704 1515 1671 1519 1714 1539 1736 1558 1733 1571 6647 1573 1701 1597 2517 1619 1730 1631 2516 1644 1793 1645 1814 1646 1815 1662 1791 1756 1875 1791 1959 1827 2718 1833 1972 1892 1985 1907 2088 1957 2086 1995 2145 2011 6735 2038 2157 2056 2190 2068 2895 2070 2215 2071 2239 2072 2240 2094 2251 2095 2262 2142 2305 2143 2306 2165 2304 2177 2346 2186 2334 2240 2415 2306 2544 2450 2729 2505 2768 2530 2797 2688 2885 2705 2912 2739 2996 2762 3045 2802 3091 2849 3221 2859 3237 2875 3262 2882 3265 2896 3280 2899 3306 2920 3333 2931 3343 2934 3363 2944 3378 2960 3369 2961 3370 2964 3395 3003 3444 3040 3524 3052 3543 3294 3778 3994 5206 4026 5247 4050 5341 5215 167 5289 6455 5310 6477 5319 6502 5325 970 5347 7383 5369 6579 5370 6580 5396 6611 5399 1613 5413 1588 5419 6651 5430 6657 5504 6723 5523 6742 5543 6776 5649 3214 6067 7282 6099 7311 6138 8255 6144 7358 6179 7408 6195 7419 6235 7469 6236 7470 6246 7483 6300 7520 6356 8319 6407 7639 6461 7711 6801 8154 7005 8252 7617 8880 
2088 1716 2100 1677 2134 1714 2158 1756 2179 1775 2209 1838 2219 1828 2231 1849 2271 1875 2384 2018 2394 2048 2395 2029 2396 2088 2421 2087 2447 2137 2460 2135 2479 2186 2526 2230 2527 2231 2536 2181 2540 2211 2569 2238 2580 2256 2593 2265 2606 2237 2616 2264 2617 2317 2632 2316 2640 2315 2641 2346 2649 2342 2660 2340 2667 2328 2668 2353 2713 2376 4104 4064 4122 4101 4150 4107 4162 4142 4166 6226 4194 4199 4230 4228 4270 4294 4296 4303 4310 4324 4345 4446 4348 4363 4355 4333 4356 4346 4372 4368 4384 4383 4394 4432 4395 4472 4412 4393 4507 4753 5858 6201 5879 6242 5886 6158 5895 6173 5898 6171 6800 6141 6833 6966 6845 6974 6850 6979 6858 6986 6859 7338 6861 6993 7212 7300 7259 7335 7464 7511 7603 7594 



3106 2354 3125 2407 3163 2376 4236 3636 4330 3696 4375 3489 4409 3521 4419 3458 4509 3846 4520 3833 4543 3527 4544 3542 4571 3871 4605 3589 4607 3880 4634 3910 4647 3584 4654 3669 4656 3870 4710 4004 4721 3909 4729 3926 4737 4017 4738 4039 4759 4051 4766 3966 4770 3710 4778 3976 4779 4008 4780 6140 4785 3721 4787 4076 4789 4070 4790 4075 4816 6110 4819 4097 4827 4138 4881 4243 4899 4253 4904 4267 4967 4292 4968 4394 5006 4372 5009 4421 5020 4388 5021 4398 5035 4466 5044 4101 5067 4685 5071 6145 5072 4456 5080 4475 5084 4142 5114 4762 5115 4182 5117 4387 5126 4542 5140 4199 5163 4213 5164 4523 5174 4447 5175 4822 5180 4817 5185 4567 5195 4564 5204 4247 5205 4249 5221 4843 5225 4261 5236 6193 5246 4609 5260 4887 5267 4635 5286 4350 5300 4326 5309 4358 5310 4364 5338 4325 5340 6199 5341 4682 5345 4309 5346 4323 5360 4369 5375 4404 5382 4333 5383 4346 5384 4418 5388 4692 5395 4340 5397 4347 5398 4363 5420 4691 5429 4368 5431 4434 5432 4563 5438 4383 5439 4384 5465 4393 5466 4397 5483 6173 5496 4389 5510 4432 5554 4472 5588 4607 5610 4829 5612 4851 5624 4606 5632 4704 5647 4713 5656 4746 5657 4767 5659 4912 5664 4772 5667 4661 5668 4669 5669 4771 5671 4778 5676 4800 5679 4812 5684 4699 5685 4826 5691 4687 5701 4730 5703 4877 5704 4911 5713 4711 5715 4753 5726 4811 5732 4765 5740 5081 5752 4799 5759 4825 5763 4970 5774 4824 5779 4931 5786 4993 5791 4969 5798 4819 5829 4896 5840 4876 5860 5015 5909 5137 5966 5172 5998 5165 6138 5224 6224 5265 6288 5309 6297 5242 7060 6103 7103 6135 7104 6137 7134 4844 7141 6157 7150 7064 7154 6158 7170 6171 7201 6242 7208 6218 7954 6886 7967 6899 7984 6917 8005 6867 8024 6944 8045 6920 8050 6962 8080 6154 8088 6966 8089 7009 8093 6163 8097 7370 8110 7345 8124 7326 8143 6993 8159 7013 8168 7022 8171 7024 8173 7030 8183 7046 8194 7098 8205 7377 8488 7339 8512 7347 8520 7333 8524 7338 8533 7362 8545 7521 8547 7358 8706 6908 8737 7606 8742 7504 8834 7589 8861 7602 
4789 4494 4932 4592 5034 4686 5035 4835 5050 4591 5126 4892 5195 4878 5205 4293 5246 4968 5267 5024 5321 4367 5347 6608 5377 4971 5420 5030 5439 4447 5440 4448 5510 4516 5583 4551 5597 5052 5612 5158 5621 5110 5638 6704 5641 5191 5647 4903 5648 5240 5656 4927 5659 5163 5669 4947 5677 5215 5684 4829 5685 5021 5697 5307 5701 4849 5703 5069 5752 4912 5763 5126 5768 5292 5805 4979 7127 7492 7141 7466 7164 6672 7204 6698 8050 7502 8089 7537 8110 7901 8151 7906 8474 7877 8512 7903 8541 7917 8746 8085 8856 8163 
3686 4382 3731 4439 3841 4493 4050 4641 4116 4651 5252 4901 5253 4897 5360 4896 5441 5398 5466 4895 5483 6912 5584 5454 5599 6992 5607 5503 5638 5602 5641 5592 5659 5557 5677 5597 5779 5421 5965 5708 7025 4721 7185 6982 7217 6975 7906 8323 8118 7986 
4756 5774 4780 8122 4789 5819 4819 5858 4839 9247 4932 6029 4949 5562 4999 5849 5246 6610 5584 6694 5598 8230 5606 6783 5607 6784 5608 6803 5609 6813 5611 8240 5619 8212 5641 8245 5648 8252 5677 6922 7103 9208 7164 8196 8110 9953 8151 9758 8512 9954 




1429 1554 1449 1553 1473 1597 1536 1646 1552 1684 1581 1728 1603 1727 1613 1753 1630 1771 1650 1770 1667 1865 1690 1822 1692 1884 1720 1900 1768 1958 1779 2020 1788 1975 1891 2149 1942 2231 1943 2286 2113 2413 2159 2356 2170 2443 2187 2384 2200 2382 2276 2529 2343 2695 2390 2819 2411 2788 3608 3870 3666 4112 3669 3931 3757 4157 3782 3974 3860 3989 3870 4269 3952 4424 4056 4111 4101 4147 4142 4175 4144 4400 4168 4206 4171 4435 4193 4248 4224 4266 4229 4274 4230 4499 4247 4289 4249 4293 4261 4317 4267 4697 4283 4334 4294 4353 4303 4360 4317 4591 4329 4642 4352 4610 4373 4742 4384 4447 4388 4686 4398 4710 4404 4524 4420 4713 4432 4516 4435 4654 4466 4835 4467 4845 4476 4844 4490 4722 4491 4756 4498 4861 4507 4726 4517 4831 4522 4735 4523 4812 4541 4824 4542 4892 4544 4931 4552 4843 4564 4878 4580 4891 4583 4734 4585 4906 4588 4905 4590 4948 4593 4973 4597 4886 4603 4952 4606 4765 4609 4968 4633 4972 4635 5024 4636 5031 4644 4794 4646 4971 4653 6672 4659 4770 4661 4793 4664 5057 4669 4805 4670 5022 4681 5030 4688 4940 4697 4989 4699 4829 4701 5002 4730 4849 4736 4848 4737 5053 4738 5071 4746 4927 4752 5317 4753 4866 4756 5052 4757 5121 4765 4865 4771 4947 4778 4960 4779 5058 4792 4896 4794 5097 4799 4912 4800 4987 4810 4918 4814 5110 4820 4895 4824 4916 4826 5021 4829 5138 4851 5158 4855 4939 4877 5069 4900 6704 4911 5105 4912 5163 4913 5191 4925 5225 4949 5075 4950 5240 4956 5215 4970 5126 5042 5312 5044 5371 5045 5385 5057 5362 5074 5408 5101 5394 5224 5380 5225 5426 5241 5264 5300 5283 5309 5393 5342 5297 5347 5311 6115 6592 6159 6632 6171 4448 6173 6620 6174 6656 6181 6660 6198 6666 6207 6680 6228 6699 6234 6709 6962 7502 6966 7466 6971 7472 6972 7884 7009 7537 7017 7528 7021 7522 7023 7900 7024 7892 7027 7530 7041 7565 7042 7536 7073 7579 7075 7563 7076 7582 7282 7854 7345 7901 7356 7891 7360 7908 7361 7911 7377 7899 7605 8168 
1393 2040 1407 2063 1448 2138 1517 2209 1518 2325 1598 2321 1613 2497 1650 2475 1681 2620 1690 2573 1692 2643 1693 2667 1704 2619 1720 2642 1768 2709 1809 2832 1879 2892 1942 3048 2308 3532 3318 4423 3319 4429 3354 4434 3468 4462 3521 4500 3542 4469 3559 4515 3669 4579 3905 4719 4171 4966 4294 4789 4311 5274 4317 5084 4352 5107 4397 4895 4432 4915 4442 5188 4466 5388 4473 5214 4477 5417 4490 5223 4495 5357 4498 5407 4509 5373 4522 5237 4524 5391 4564 5382 4653 6972 4735 5272 4746 5351 4757 5553 4765 5273 4771 5372 4799 5300 4810 5310 4850 5570 4851 5573 4913 5592 4931 5421 4950 5654 4956 5597 4987 5568 4988 5577 5000 5622 5021 5600 5036 5614 5042 5703 5241 5469 5242 5493 5300 5474 5347 5482 5355 5489 5822 6494 6159 6938 6173 6912 6218 6957 6219 6982 6226 6992 6546 7421 6549 7438 6972 7940 6981 7896 7009 7993 7033 8008 7300 6853 7347 8391 7365 8402 7372 8395 
1779 2650 1809 2667 3911 5002 3955 5021 3987 4849 3993 5039 4010 4843 4036 4885 4409 4505 4432 4499 4597 5154 4629 5177 4633 5250 4646 5245 4663 5203 4670 5285 4681 5284 4692 5316 4705 5229 4756 5252 4779 5257 4816 5336 4856 5365 4956 5402 5830 2439 6163 4481 6173 4490 6936 8686 6942 7057 6948 8181 6986 8092 7333 8093 
1316 1382 1409 1585 1429 1632 1519 1672 1550 1695 1552 1782 1601 1781 1613 1839 1630 1865 1681 1921 1692 1931 1693 1962 1704 1920 1720 1919 1768 1961 1779 2009 1808 1989 1809 2019 3218 3787 3881 3984 3910 3992 3937 4137 3987 4111 3990 4154 3999 4199 4002 4058 4011 4135 4017 4073 4036 4143 4037 4169 4038 4191 4041 4110 4043 4216 4060 6085 4061 4257 4077 4275 4081 4161 4098 4188 4108 4187 5210 5029 5816 5596 5821 1798 5980 5952 6135 6071 6142 6090 6480 6464 
3559 5093 3607 5145 3608 5146 3951 5695 4037 5809 4070 5819 4074 5688 4097 5858 4108 5882 4137 5880 4182 5659 4216 5906 4230 5927 4240 6029 4293 5817 4294 5824 4427 6160 4432 6019 4490 6245 4522 6278 4589 6546 4610 6614 4619 6533 4632 8196 4633 8201 4649 6651 4691 6666 4738 6704 4747 8198 4779 8212 4814 6803 4827 6795 4828 6802 4829 9374 4849 6759 4850 8240 4899 8245 4912 8243 4913 8244 4925 6936 4950 8252 4956 6922 4988 8247 6126 9211 6135 9208 6138 8123 6140 8122 6159 8143 6201 9747 6219 9364 6226 9385 6234 9398 6249 9359 7011 9743 7018 9750 7031 9321 7333 9246 7345 9953 7347 9954 7365 9772 
1779 1565 1942 1731 2050 1768 2051 1807 3805 4424 4094 4246 4132 4302 4370 4727 4606 4907 4633 5324 4653 6763 4700 6729 4767 5199 4771 6745 4772 5194 4794 6784 4800 5236 4814 5472 4857 6805 4950 5621 4970 5421 4987 5543 6214 6774 7013 7634 7028 7681 





39 665 50 549 51 639 52 713 70 618 73 689 146 733 167 710 170 778 172 829 194 709 195 802 198 884 199 886 234 800 236 881 273 826 274 926 308 878 309 949 334 973 413 1028 428 1115 452 1114 454 1176 523 1259 536 1295 602 1382 604 1411 622 1611 639 1469 657 1468 672 1547 706 1608 707 1577 714 1730 750 1635 778 1684 782 1814 817 1875 836 1902 900 1811 918 1900 919 1968 921 2025 944 1945 993 2049 995 2077 1005 2098 1071 2124 1085 2194 1102 2193 1104 2195 1158 2215 1159 2241 1160 2242 1177 2260 1195 2289 1196 2313 1210 2312 1231 2355 1296 2441 1365 2458 1384 2511 1385 2530 1432 2627 1447 2626 1470 2671 1494 2670 1511 2696 1585 2793 1635 2769 1687 2901 1871 3172 1886 3121 1906 3139 1927 3138 1930 3192 1947 3218 1983 3236 1990 2468 2080 3307 2131 3412 2160 2519 2168 3361 2201 3467 2253 3502 2264 2635 2272 3501 2309 3525 2331 2752 2333 2779 2346 3612 2350 2751 2369 6670 2379 2825 2416 3610 2436 2883 2451 3687 2457 2936 2475 3694 2479 2935 2491 2957 2506 3659 2510 2979 2512 3108 2739 3316 2896 3528 3440 4132 3491 4179 3677 4583 4496 5245 4568 5257 4585 5277 4625 5314 4698 5392 4738 5443 4746 5428 4747 5442 4781 5481 4808 5517 4848 5268 4849 5269 4857 5258 4866 5279 4896 5292 4912 5300 4918 5310 4927 5351 4934 5340 4947 5372 4980 5394 4996 5397 5015 5635 5018 5658 5021 5418 5029 5444 5042 5427 5052 5454 5053 5460 5056 5429 5058 5459 5066 5525 5070 5440 5077 5486 5084 5498 5098 5503 5105 5458 5110 5512 5118 5528 5120 5533 5121 5553 5153 5769 5157 5565 5158 5573 5173 6985 5190 5581 5191 5592 5356 5936 5954 6210 5988 1083 6054 6353 6055 1729 6203 2949 6313 6535 6662 6957 6664 5305 6666 6964 6667 6960 6688 6978 6704 5602 6811 6258 6862 7272 6916 7368 6920 7386 6972 7452 7049 7371 7530 7963 7536 7978 7538 7982 7554 7997 7556 7998 7559 8006 7564 8018 7572 8019 7671 7250 7695 7392 7897 8382 7903 8391 8083 8559 8171 8634 
1614 2167 1628 2118 1629 2145 1630 2208 1647 2273 1701 2246 1751 2325 1752 2360 1753 2384 1770 2324 1771 2383 1791 2381 1805 2416 1822 2415 1847 2439 1862 2414 1863 2478 1864 2508 1884 2536 1957 2560 2020 2650 2035 2625 2057 2667 2231 2848 2286 2928 2585 3194 3914 4658 4130 4351 4765 4954 4839 5226 4908 5246 4918 5080 4922 5177 4927 5114 4947 5136 4972 5250 4996 5162 5001 5229 5021 5174 5022 5285 5030 5284 5052 5252 5058 5257 5118 5325 5174 5373 5184 5390 5292 5490 5312 5519 5350 5440 5394 5539 5416 7135 6643 8251 6688 5294 6704 5418 7445 8690 7530 7082 7536 8213 7572 8275 7582 8280 8071 8191 
1771 1865 1790 1798 1791 1817 1805 1838 1863 1920 1865 1962 1884 1931 1958 1961 2020 2009 2036 1989 2057 2019 2231 2133 3936 3410 4935 4466 4943 4804 4955 4802 4971 4534 5030 4579 5058 4525 5109 4566 5248 4436 5858 4866 6660 4509 6666 4459 7553 4447 
1724 1587 1769 1606 1819 1686 1898 1786 1994 1904 1995 1906 2019 1905 2035 1942 2078 1992 2091 2022 2130 2098 2231 2229 2245 2259 2304 2357 2315 2359 2413 2522 2656 2980 2750 3134 3870 5146 4037 5296 4233 5559 4269 5603 4406 5740 4436 5755 4437 5742 4438 5772 4456 5879 4473 5849 4499 5927 4526 5972 4581 6063 4592 6029 4601 6094 4620 6118 4648 6151 4654 6169 4669 6186 4697 6203 4709 6237 4722 6245 4735 6278 4742 6272 4749 6283 4762 6287 4763 6292 4765 9275 4770 6295 4793 6324 4828 6398 4829 8178 4834 6404 4848 6432 4850 8175 4865 6461 4866 6463 4903 6511 4906 6525 4907 9300 4927 6549 4968 6610 4972 8201 4988 6626 5021 6648 5023 6652 5042 6673 5058 8212 5065 8208 5071 6704 5083 6747 5097 8221 5098 6784 5104 6773 5106 6796 5110 6803 5112 6774 5124 6825 5128 6832 5141 6858 5142 6863 5149 6868 5150 6869 5163 8243 5184 8244 5200 6907 5214 8248 5215 6922 5225 6936 5229 6942 5240 8252 5254 6965 6632 8143 6642 9261 6657 9287 6662 9303 6664 8187 6672 9747 6675 8198 6687 9343 6688 9356 6697 8237 6700 9383 6709 9398 7520 9278 7522 9281 7538 9742 7572 9771 7574 9385 7582 9776 7884 9943 7891 9735 7899 9957 7901 9953 7903 9954 8053 9930 8064 9941 8071 9946 8077 9958 8079 9961 8163 10041 
1865 1517 1900 1467 2020 1565 2149 1686 2231 1731 2245 1730 2315 1807 4311 4302 4473 4574 4581 4766 4811 5094 4823 5109 4838 4974 4848 4995 4866 5021 4873 5027 4898 5200 4918 6737 4921 6740 4935 5283 4972 5324 4989 6765 5001 5348 5002 5357 5053 5391 5058 6774 5076 5429 5097 6784 5098 5449 5106 5457 5110 5472 5120 5485 5142 5514 5150 5504 5200 5565 5214 6813 5215 5573 5240 5621 5254 5627 6666 6755 6672 7706 6707 7766 7520 7634 7524 7665 7530 7651 7554 7721 7557 7745 7559 7744 8069 8217 






28 263 38 262 43 119 82 153 85 173 94 328 100 152 108 172 129 188 130 209 134 326 148 208 149 253 169 252 171 352 172 368 179 234 181 251 198 384 199 367 215 383 231 335 237 443 251 431 266 380 269 411 270 412 303 397 305 410 306 462 307 463 308 505 325 461 339 409 341 482 358 395 382 425 399 455 416 500 418 525 420 575 471 519 497 616 500 708 526 618 580 273 595 828 639 784 659 756 664 827 665 851 666 803 713 880 731 823 735 902 801 901 803 951 816 436 843 817 847 977 872 869 879 975 885 1059 908 995 926 1057 972 1114 977 1178 1000 1142 1020 991 1032 1208 1033 1209 1113 1205 1115 1242 1201 1138 1202 1201 1223 1136 1225 1323 1243 6229 1283 1233 1284 1234 1296 1435 1324 6384 1379 1387 1404 1386 1449 810 1473 841 1539 1511 1540 1548 1545 1699 1547 1768 1575 1731 1598 1577 1599 1609 1610 1887 1627 1632 1641 984 1684 1851 1754 1908 1788 1970 1806 1822 1811 1995 1833 1821 1874 2080 1937 1961 1966 2157 1967 2158 2049 2258 2076 2283 2109 1535 2147 2280 2167 6495 2173 2340 2188 2212 2192 2394 2193 2423 2225 1529 2229 1656 2239 2333 2286 2444 2289 2489 2298 1749 2299 1750 2311 2487 2312 2488 2331 2486 2354 2572 2355 2573 2371 2419 2377 2570 2456 2655 2457 2656 2467 1954 2509 2697 2510 2674 2519 2036 2541 2035 2609 1922 2635 2116 2663 2163 2678 2143 2679 2162 2704 2030 2727 2204 2776 2242 2847 2319 2855 2916 2876 2294 2930 2293 2955 2433 3000 2376 3041 2430 3106 2582 3156 2645 3158 2618 3309 3322 3467 3425 3739 3668 3762 3691 3769 3709 3800 6836 3872 3772 4129 3703 4157 3739 4201 3790 4293 4112 4446 4278 4461 4288 4534 4361 5253 4985 5256 5180 5277 5209 5279 5038 5305 5070 5310 5080 5314 5254 5342 5272 5343 5290 5351 5114 5353 5292 5366 5339 5367 5154 5372 5136 5377 5142 5389 5177 5397 5162 5404 5359 5405 5369 5418 5174 5419 5203 5421 5164 5440 5211 5442 5486 5443 5487 5449 5475 5454 5252 5458 5234 5459 5257 5461 5265 5481 5530 5483 5251 5499 5330 5507 5523 5517 5575 5523 5535 5528 5325 5555 5591 5583 5615 5602 5418 5605 5434 5633 5647 5645 5673 5657 5634 5658 5665 5769 5783 5788 5724 5844 5878 5856 5877 5904 5829 5909 5845 5936 5898 5946 5868 5997 5983 6053 6187 6080 457 6081 476 6184 1026 6202 1145 6209 6315 6229 6342 6233 6323 6248 602 6252 6322 6258 6368 6346 1041 6364 1164 6428 1657 6433 1530 6436 2445 6445 1653 6473 1895 6846 6951 6953 5067 6961 7094 6978 5294 6980 7146 7051 6220 7070 7288 7083 6257 7084 7303 7112 7338 7120 7313 7124 7350 7136 7349 7137 7360 7147 7358 7264 6304 7272 7499 7298 7378 7314 7507 7335 7398 7371 1751 7408 7605 7454 7541 7488 8457 7776 7872 7963 7082 7973 8213 7982 8228 7986 8240 7991 7107 7998 8250 8007 7123 8021 8275 8031 8327 8162 7503 8384 8220 8388 8230 8392 8724 8401 8728 8413 8377 8559 8961 
2211 1516 2326 1672 2369 1695 2431 1782 2451 1781 2495 1817 2525 1838 2619 1920 2620 1921 2642 1919 2643 1931 2667 1962 2709 1961 2807 1989 2832 2019 3030 2072 3048 2133 3553 2418 4595 3409 4685 3504 4753 4027 4759 3701 4891 3653 5107 3967 5136 4015 5179 6070 5338 4660 5351 4356 5372 4378 5377 4388 5398 4467 5400 4784 5418 4432 5419 4487 5422 4486 5453 4864 5454 4526 5458 4492 5459 4525 5465 4923 5547 4655 5585 4458 5641 4710 5695 4758 5788 5149 6947 4166 6957 4274 6975 4447 7940 7019 7974 7171 7995 7139 8008 6141 
223 4699 4316 2509 4370 2389 4418 2492 4452 2574 4555 2830 4743 2890 5351 3562 5372 3591 5377 3606 5389 3737 5397 3643 5481 4570 5597 4018 5601 4005 5758 4027 8617 6388 
3011 2544 3475 3180 3838 3750 3839 3751 3944 3893 4891 5698 4965 5849 4989 5684 5083 6082 5112 6118 5178 6191 5214 6237 5228 6119 5237 6278 5242 6308 5253 6398 5259 8178 5265 6203 5269 6441 5279 6463 5292 6510 5295 6166 5326 6283 5341 6292 5377 8193 5398 6594 5418 6648 5432 6624 5458 8219 5498 6783 5553 6824 5569 9380 5577 8247 5591 6907 5654 8252 6944 6291 6948 9289 6957 9303 6960 9311 6972 9747 6981 9369 7709 8893 7960 9278 7974 9268 7982 9742 8010 9363 8019 9771 8374 9951 8474 9850 8550 9945 
2893 1769 3838 2798 3839 2810 3890 6411 3944 2921 4047 3044 4602 4086 4616 4124 4625 4134 5259 6718 5269 4997 5279 5021 5280 5035 5292 5060 5303 5094 5310 6737 5347 5166 5377 6745 5389 6755 5397 5236 5398 5268 5419 5307 5429 5330 5460 5391 5503 5449 5533 5485 5568 5543 5591 5565 5597 6815 5601 6817 6947 6717 6954 6734 6978 6784 7783 7348 7982 7689 8006 7744 8384 8228 8549 8217 







9 14 63 64 90 79 104 78 109 108 138 120 139 138 152 121 171 149 187 150 251 199 254 212 258 5281 324 270 333 268 334 269 335 299 338 358 380 332 381 386 399 437 411 415 440 364 448 61 454 382 477 434 498 429 500 472 516 407 554 5349 572 584 589 562 614 598 617 660 618 661 660 619 661 679 662 5362 680 616 690 167 691 5272 716 203 732 803 753 676 759 821 783 782 808 220 838 293 850 863 887 305 899 918 901 944 935 375 948 916 975 972 976 1010 977 1011 1037 401 1049 989 1068 452 1113 1124 1137 1064 1142 1245 1154 390 1174 1123 1187 501 1238 1242 1239 1269 1242 1295 1243 1322 1248 482 1249 524 1265 1372 1291 1340 1327 1393 1328 1394 1341 609 1362 1370 1369 478 1407 517 1424 1238 1426 1263 1435 1475 1444 545 1481 1472 1511 1335 1517 1575 1621 666 1639 1685 1650 665 1652 754 1672 1713 1700 1684 1731 1730 1766 1750 1767 1751 1789 1565 1828 1772 1850 1811 1851 1828 1884 1826 1891 903 1909 1878 2045 1763 2079 1956 2080 1970 2109 1053 2152 5621 2175 1847 2264 1354 2280 2081 2281 2068 2293 1355 2310 2067 2340 2080 2350 1403 2365 1993 2375 1429 2393 2118 2402 1400 2407 1427 2455 1485 2495 1454 2516 2146 2522 1453 2569 2173 2674 2235 2694 2183 2714 2248 2867 2343 3683 3026 3807 3119 3841 3141 3896 3183 3905 3205 3943 3228 3957 3245 3958 3251 3986 3276 4040 3344 4060 3359 4065 3350 4078 3354 4088 3387 4090 3135 4106 3151 4117 3407 4131 3421 4149 3433 4172 3456 4177 3461 4205 3490 4207 3489 4211 3511 4217 3517 4218 3523 4261 3570 4307 3637 4336 3687 4360 3731 4416 3804 4423 6014 4433 3844 4447 3843 4460 3861 4465 3890 4474 3913 4497 3938 4509 3947 4534 3989 4543 4005 4553 3987 4554 3988 4555 3997 4564 4013 4569 3996 4570 4004 4581 4012 4594 4056 4623 4078 4637 4090 4650 6075 4679 4149 4687 4183 4747 4238 4941 4408 6157 6226 6181 5318 6200 5317 6203 5242 6208 5249 6218 5355 6314 5456 6366 1339 6380 1262 6384 5545 6493 1849 6529 5497 6539 5519 6568 6562 6855 5901 6980 6987 6990 3939 7012 7047 7026 7071 7033 7083 7286 6294 7306 6238 7327 6365 7328 6356 7352 6261 7371 6267 7514 6379 7535 6546 7562 6427 7567 6532 7970 5935 8025 6907 8051 6952 8123 7056 8138 7065 8364 7263 8381 6344 8402 7619 8449 7342 8657 7546 8958 7902 9053 7882 
90 76 187 118 233 136 251 192 278 239 379 304 426 390 516 409 1359 1123 1360 1124 1583 1246 1727 1292 1796 1329 1987 1328 2076 1451 2174 1363 2212 1468 2214 1487 2253 1500 4313 5148 4336 3133 4384 2891 4460 3329 4522 3399 4555 3444 4581 3457 4605 3491 4622 3506 4623 3507 4637 3523 4941 3813 5086 3680 5127 4048 5150 4073 5387 4119 5403 4146 5404 4153 5413 4177 5426 4199 5436 4169 5443 4176 5447 4441 5468 4218 5501 4204 5502 4299 5548 4280 5550 4503 5552 4323 5560 4298 5574 4311 5597 5311 5637 4573 5647 4578 6143 4616 6340 4762 6456 4810 7226 6195 7258 6202 7343 5441 7496 6241 
2561 1842 2625 1942 2848 2229 3058 7584 3273 3134 4203 4435 4216 4451 4291 4737 4651 5849 4954 9275 5136 8192 5234 8219 5250 8201 5257 8212 5325 9363 5390 8244 7069 9278 7702 9511 8275 9771 8280 9776 
1957 1152 2209 1289 2383 1395 2384 1396 2650 1565 2848 1731 3058 1973 3161 2133 3194 2168 4525 4012 4576 4034 4628 4091 4646 7487 4651 4574 4773 4265 4985 4966 5015 6717 5067 6732 5106 7687 5136 6745 5153 5236 5250 5324 5257 6774 5271 5170 5294 6784 5395 5352 5401 6817 5402 6815 7069 7634 7111 7713 7122 8079 8267 8085 








14 18 22 34 23 35 33 33 42 32 43 39 44 40 50 45 77 62 78 71 79 76 87 83 105 92 108 110 120 98 134 106 135 109 136 119 139 125 149 117 151 138 167 15 170 137 178 136 179 163 198 190 199 192 207 187 211 240 220 38 225 219 228 220 238 217 239 238 265 281 281 266 283 283 312 316 315 334 316 335 322 79 338 88 340 90 342 103 373 101 390 113 395 370 397 112 399 131 407 409 427 439 442 129 471 518 478 173 481 158 489 471 499 184 532 549 537 576 560 550 579 572 583 631 634 297 643 593 645 611 667 313 693 671 696 695 704 274 719 711 778 724 788 338 792 400 809 435 837 770 850 487 859 810 871 489 885 807 886 808 887 809 902 512 903 488 941 861 966 860 989 919 1003 903 1014 524 1022 587 1032 901 1043 522 1065 966 1086 950 1116 963 1134 655 1184 991 1186 992 1189 1020 1207 917 1208 1019 1237 990 1253 742 1260 1032 1261 1044 1273 684 1318 1139 1400 853 1433 1118 1434 1135 1461 1149 1493 1187 1565 1220 1567 1243 1588 1201 1589 4800 1614 1200 1636 1251 1637 1253 1653 1287 1656 1304 1733 1004 1740 1316 1760 1315 1761 1327 1762 1328 1763 1354 1802 1363 1803 1376 1831 1066 1848 1398 1851 1405 1860 1065 1862 1110 1867 1374 1885 1420 1900 1096 1927 1131 1935 1438 1936 1457 1948 1448 1951 1467 1952 1468 1985 1181 1986 1182 1993 4842 2006 1212 2018 1225 2030 4848 2048 1543 2069 1257 2073 1485 2090 1558 2128 1583 2142 1600 2174 1367 2183 1630 2210 1645 2303 1669 2304 1681 2308 1763 2335 1690 2355 1803 2446 1878 2485 1905 2500 4945 2512 1923 2546 1946 2623 1938 2652 1964 2809 1912 2844 1988 2849 2151 2860 2188 2867 1954 2874 1962 2877 2198 2893 1995 2901 2023 2935 2038 2942 4990 2966 2061 3005 2268 3021 2307 3027 2091 3028 2125 3029 2113 3042 2109 3048 2134 3058 2323 3063 2156 3064 2160 3077 5053 3090 2334 3106 2209 3114 2222 3127 2411 3131 2419 3132 2422 3146 2428 3150 2265 3161 2435 3162 5064 3176 2463 3181 5068 3197 2310 3213 2528 3221 2538 3267 2630 3275 2642 3330 2676 3419 2779 3670 3116 3679 3123 3687 3133 3789 3284 3861 3329 3879 3339 3946 3398 3947 3399 3988 3436 3997 3444 4004 3443 4012 3457 4234 3380 4274 3437 4388 3606 4414 3643 4432 3668 4467 3743 4473 3731 4487 3770 4492 3763 4495 3787 4525 3830 4526 3834 4542 3843 4552 4024 4566 3887 4573 4048 4577 3906 4586 3863 4605 4073 4609 4115 4628 3953 4636 4121 4640 3983 4650 4123 4674 3981 4683 4011 4689 4137 4692 4018 4696 4147 4704 4009 4725 4027 4728 4226 4738 4225 4744 4053 4765 4064 4782 4076 4786 4282 4800 4100 4831 4130 4870 4357 4871 4363 4909 4197 4916 4443 4925 4410 4931 4220 4955 4474 4962 4404 4970 4424 4976 4259 4999 4505 5040 4512 5047 4487 5048 5327 5049 4518 5050 4537 5055 4492 5081 4503 5082 4543 5117 4549 5127 4570 5149 4508 5166 4573 5173 4578 5196 4393 5197 4559 5207 4569 5237 4596 5247 4605 5252 4598 5253 4603 5254 5334 5260 4608 5264 4612 5267 4616 5284 269 5326 5341 5330 4610 5332 4615 5338 4674 5409 4730 5452 4687 5460 5468 5488 4768 5523 4778 5527 4789 5571 4807 5621 1432 5654 4866 5665 4884 5691 5638 5797 4949 5819 4957 5828 5689 5858 4986 5888 5004 5893 5052 5919 5065 5938 5869 5964 5908 5996 5156 6132 3823 6145 5270 6181 5319 6221 5346 6281 5350 6296 5343 6311 5354 6329 5357 6334 5429 6343 5441 6399 5482 6410 5496 6418 5495 6429 5504 6432 6232 6434 5424 6439 5511 6489 5473 6500 5493 6504 5552 6513 5499 6532 6246 6559 6254 6593 5624 6633 5646 6691 5698 6800 5731 6804 5737 6813 6329 6820 5009 6826 5801 6827 5799 6839 5816 6847 6349 6848 5835 7175 6125 7214 6183 7299 6224 7331 6240 7333 6242 7356 6250 7595 6479 7898 6734 
3492 5344 3512 5369 3537 5407 3571 5526 3580 5545 3587 5572 3588 5563 3602 5592 3690 8117 3693 5753 3726 8127 3746 5899 3749 5906 3783 5964 3923 6078 3933 6094 3967 8145 4026 5689 4036 6161 4073 8118 4080 5742 4130 5793 4151 5819 4160 6237 4178 5833 4187 5882 4274 9303 4760 6446 6085 8122 6090 9227 6686 8802 6944 9193 6979 9232 6982 9235 7019 9725 7033 9258 7668 9850 7858 10031 
2133 1731 2265 1973 4017 4091 4028 7487 4058 4561 4073 6681 4080 4595 4130 4631 4151 4659 4175 4684 4187 4710 4199 4701 4201 4711 4203 4706 4241 4749 4275 4778 4281 4788 4404 4881 4476 4984 6090 7600 7061 7585 7081 7601 



















5662 4470 5689 4509 5695 4528 5703 4499 5742 4595 5744 4604 5754 4586 5755 4594 5762 4585 5774 4613 5793 4631 5819 4659 5826 4658 5827 4701 5832 4675 5844 4720 5851 4696 5858 4695 5880 4682 5882 4710 5901 4744 5923 4752 5929 4763 5946 6707 5966 4776 5976 4784 6021 4741 6036 4867 6037 4727 6041 4822 6063 4766 6067 4873 6073 4828 6082 4775 6107 4861 6134 4947 6163 4881 6166 4961 6171 4896 6213 4913 6221 4919 6222 5048 6283 5018 6288 4983 6289 5029 6291 4907 6295 4888 6300 5170 6319 5015 6328 4900 6330 5041 6337 5261 6340 5062 6354 4950 6379 4966 6404 4968 6413 4974 6415 5147 6418 5179 6422 5146 6423 5154 6425 4986 6432 4995 6441 4997 6453 5363 6461 5013 6463 5021 6466 5161 6467 5188 6476 5352 6481 5201 6482 5212 6484 5026 6492 5211 6509 5059 6510 5060 6511 5108 6529 5078 6530 5087 6538 5085 6546 5253 6555 5271 6559 5285 6561 5138 6562 5185 6576 5284 6584 5194 6598 5309 6617 5151 6618 5308 6630 5249 6636 5197 6639 5324 6644 5176 6648 5281 6666 5372 6673 5314 6680 5392 6681 5330 6694 5384 6709 5280 6710 5391 6720 5347 6767 5329 6783 5446 6784 5449 6795 5445 6796 5457 6802 5468 6803 5472 6818 5486 6845 5509 6863 5514 6868 5461 6869 5504 6870 5520 6871 5521 6875 5530 6882 5539 6892 5477 6895 5508 6898 5547 6902 5566 6907 5565 6908 5586 6922 5573 6924 5581 6931 5572 6955 5588 6956 5601 6965 5627 6977 5613 6982 5657 6983 5663 6989 5651 6995 5674 7020 5712 8118 6681 8168 5123 8178 6718 8192 6745 8196 6763 8212 6774 8221 6784 8248 6813 8252 5621 8257 6826 9208 7574 9220 7601 9251 7622 9261 7626 9263 7632 9275 7634 9282 7661 9287 7674 9300 6746 9305 7697 9311 7678 9334 7713 9338 7700 9362 7744 9374 6798 9389 7752 9393 7760 9394 7766 9735 8043 9739 7673 9747 7706 9748 8056 9750 8072 9771 8091 9945 8216 9951 8219 


















































