0 1
270
216 931
242 974
243 1010
348 78
373 947
375 1036
402 1090
420 1048
514 1119
526 205
592 1151
611 5373
633 1196
670 1194
732 1244
734 1305
752 1272
755 1587
767 1317
786 1368
806 1479
818 1367
837 1330
883 1458
899 1552
921 1476
940 582
954 1568
1028 1636
1042 1583
1074 714
1078 1728
1096 713
1157 815
1165 1886
1256 5410
1276 957
1342 904
1415 2274
1585 1312
1686 1985
1735 1387
1771 2062
1782 2704
1795 1433
1850 2160
1880 1541
1890 5538
1896 2808
1898 1525
1905 2209
1910 1576
1930 2219
1957 2258
1963 1606
1975 2284
1994 2271
1995 2301
2006 2319
2025 2334
2026 2335
2037 2355
2073 2385
2074 2397
2087 2396
2088 2843
2130 2441
2131 2447
2147 2869
2161 2472
2162 2480
2202 2471
2205 2501
2241 2527
2243 2884
2278 2540
2295 2539
2320 2569
2357 2593
2359 2633
2372 2617
2390 2641
2391 2085
2403 2649
2410 2630
2411 2639
2412 2648
2430 2660
2431 2668
2459 2667
2499 2720
2518 2726
2573 2292
2589 2768
2857 3112
2889 6605
2912 2791
2922 2810
2927 3066
2969 2833
3035 2905
3038 3357
3043 2910
3126 3500
3133 2962
3149 3168
3160 2964
3206 3207
3303 3041
3362 3083
3390 3098
3562 3179
3613 3765
3651 3639
3660 3220
3835 5798
3946 3808
3992 3788
4012 3782
4070 3489
4150 4072
4156 4222
4187 3604
4219 3621
4239 3668
4245 3666
4292 3981
4312 4191
4313 5883
4318 4183
4338 4187
4357 4258
4385 4396
4389 4210
4423 4077
4466 4163
4494 4547
4499 4547
4528 4122
4552 4142
4567 4610
4664 4195
4671 4237
4686 4219
4688 4272
4689 4524
4698 4213
4699 4251
4700 4290
4714 4203
4716 4232
4717 4271
4720 5917
4732 4218
4737 4217
4739 4623
4746 4297
4758 4243
4769 4242
4809 4280
4819 4288
4831 4268
4844 5895
4845 5928
4854 4319
4869 4299
4870 4319
4871 4348
4873 4394
4892 4304
4894 4373
4905 4691
4926 4364
4935 4487
4942 4330
4945 4412
4953 4429
4960 4370
4961 4411
4965 4391
4966 4418
4985 4436
4995 4390
4996 4409
5009 4435
5011 4444
5033 4442
5042 4416
5116 4472
5117 4486
5122 5067
5168 4541
5202 4533
5213 4554
5294 4645
5898 4639
6141 5329
6203 5379
6213 5364
6230 5205
6231 445
6235 1244
6257 5243
6269 5435
6291 1728
6416 6416
6468 5607
6482 6510
6551 6605
6558 2791
6638 6695
6750 5780
6775 5858
6783 6814
6845 5887
6847 6858
6855 5898
6946 5083
7205 7357
7260 6416
7287 6446
7323 6466
7328 6474
7329 6468
7331 6510
7336 6474
7428 7149
7440 6562
7702 7235
7712 6814
7728 7247
7729 6868
7766 6822
7781 6839
7788 6855
7790 6851
7791 6855
7797 6844
7799 6850
7801 7256
7802 7505
7809 6857
7811 6866
7832 7268
7833 7268
7834 6892
8158 6806
8174 7464
8176 7466
8187 7243
8215 7245
8217 7250
8218 7254
8219 7498
8227 7257
8231 7256
8232 7505
8399 7598
8439 7464
8476 7474
8478 7254
8479 7498
8481 7476
8491 7257
8497 7265
8507 7494
8616 7595
8625 7603
8630 7612
8658 7628
0 2
92
1264 1338
1649 2296
1770 2469
1803 2486
1959 2808
2307 7745
2412 3114
2431 3136
2498 3174
2603 3147
2676 3245
2927 3859
3072 4359
3082 3829
3130 4513
3172 4601
3279 4244
3290 4767
3301 4791
3881 4590
4004 4795
4150 5340
4312 5638
4349 5015
4357 5727
4466 5171
4488 5911
4494 5892
4537 5107
4567 7230
4594 7232
4664 5141
4671 5310
4687 5361
4698 5169
4739 5909
4794 5299
4819 5298
4830 5284
4854 5321
4879 4798
4884 5430
4892 5307
4893 5416
4894 5439
4904 5498
4911 5429
4916 5415
4932 5415
4943 5381
4977 6209
4996 5414
5010 5495
5052 5480
5086 5428
5088 5515
5168 5581
5402 5474
5636 5367
5807 7234
5947 6122
6027 6155
6368 6769
6416 7699
6480 6886
6494 3174
6689 7172
6775 7164
6845 8106
7368 7771
7670 8514
7702 8733
7727 8537
7728 8537
7730 8557
7799 8103
7808 8124
7809 8519
7810 8123
7811 8124
7832 8140
7834 8149
7903 8098
8037 8390
8174 8739
8215 8501
8217 8738
8236 8522
8270 8092
8446 8875
8625 8859
8655 8877
1 2
529
15 19
77 87
109 134
189 350
207 386
245 30
277 474
297 223
310 6346
348 264
350 316
381 192
407 376
416 615
417 616
418 617
449 188
489 357
507 356
518 278
522 489
523 490
532 329
551 532
591 574
592 611
601 416
603 560
605 610
614 559
643 609
649 558
650 608
668 626
669 691
763 6459
794 762
797 831
830 811
845 6454
846 870
880 849
881 976
901 6476
911 940
912 975
934 936
936 6501
937 1027
952 1041
964 1082
988 1009
996 1025
997 1061
998 1162
1012 1062
1026 1115
1041 1160
1059 1177
1060 1192
1063 1236
1076 1139
1077 1289
1112 1191
1113 1286
1125 1189
1127 1309
1204 1307
1236 1382
1237 1404
1238 1453
1265 1414
1279 1381
1280 1450
1307 1449
1309 1537
1321 1469
1322 1552
1338 1552
1400 1513
1405 1614
1406 1615
1499 1704
1512 1605
1515 1671
1519 1714
1539 1736
1558 1733
1567 2518
1571 6647
1573 1701
1597 2517
1619 1730
1631 2516
1644 1793
1645 1814
1646 1815
1662 1791
1722 2245
1756 1875
1791 1959
1799 2297
1827 2718
1833 1972
1841 2312
1892 1985
1898 2393
1907 2088
1946 2433
1957 2086
1988 2510
1995 2145
2005 2509
2011 6735
2033 2524
2034 2550
2038 2157
2056 2190
2068 2895
2070 2215
2071 2239
2072 2240
2090 2627
2094 2251
2095 2262
2105 2214
2119 2626
2142 2305
2143 2306
2164 2292
2165 2304
2177 2346
2185 6763
2186 2334
2231 2709
2240 2415
2250 2376
2257 2684
2306 2544
2330 2758
2360 2619
2390 2799
2450 2729
2488 2918
2505 2768
2530 2797
2534 2933
2546 2964
2566 3000
2612 3007
2615 3050
2638 3048
2640 3105
2642 3257
2647 3095
2659 3074
2665 3113
2667 3122
2680 3111
2682 6899
2688 2885
2705 2912
2713 3163
2718 3142
2726 3186
2739 2996
2741 3159
2744 3195
2745 3202
2756 3207
2757 3263
2762 3045
2768 3229
2769 3263
2777 3228
2788 3443
2795 3233
2802 3091
2849 3221
2851 3313
2859 3237
2873 3584
2875 3262
2882 3265
2896 3280
2899 3306
2913 3389
2920 3333
2931 3343
2934 3363
2944 3378
2960 3369
2961 3370
2964 3395
2983 3599
3003 3444
3034 3694
3040 3524
3045 3686
3047 3925
3052 3543
3110 3912
3121 3842
3130 3957
3136 3911
3195 7019
3206 4050
3207 3984
3211 3711
3227 4070
3248 4079
3294 3778
3311 3807
3324 4578
3366 4502
3376 4534
3377 4552
3392 4575
3416 4600
3422 4695
3432 4329
3439 4624
3444 4340
3449 4650
3453 4341
3499 4681
3530 4016
3541 4015
3602 4086
3624 4409
3656 4127
3662 7103
3675 4729
3698 4779
3709 4828
3720 4544
3725 4753
3742 4590
3757 8028
3843 5027
3844 4951
3858 4874
3859 7128
3871 5122
3915 5230
3926 5302
3928 4733
3929 4752
3941 4751
3957 5352
3958 5366
3965 4798
3976 4798
3992 4815
3994 5206
4026 5247
4029 4863
4050 5341
4055 5117
4062 4892
4067 5279
4072 5340
4078 5254
4104 5019
4118 5019
4122 5044
4128 5301
4142 5071
4143 5100
4162 5084
4163 5171
4169 5099
4179 5115
4183 5609
4186 5132
4191 5638
4194 5140
4195 5141
4213 5169
4218 5163
4219 5170
4220 5253
4221 5235
4231 5204
4237 5310
4239 5814
4257 5588
4258 5727
4270 5299
4272 5375
4279 5284
4281 5547
4288 5298
4296 5322
4304 5307
4305 5308
4308 5337
4309 5346
4311 5595
4318 5306
4319 5321
4320 5359
4331 5374
4336 5792
4344 5345
4355 5382
4356 5383
4370 5369
4372 5429
4374 5466
4375 5813
4384 5438
4392 5395
4394 5510
4395 5554
4405 5498
4409 5414
4412 5465
4413 5498
4416 5394
4418 5453
4424 5372
4426 5464
4428 5497
4429 5509
4433 7162
4435 5495
4436 5496
4442 7173
4443 5495
4452 5462
4453 5480
4454 5583
4466 5494
4472 5461
4473 5493
4507 5715
4512 5539
4513 5540
4514 5545
4533 5553
4541 5581
4547 5892
4548 5911
4553 5571
4554 5587
4556 5593
4568 5580
4572 5569
4586 5774
4601 5921
4607 5896
4623 5909
4671 5551
4691 5967
4710 5816
4726 5797
4807 5883
4825 5824
4862 6138
4936 5845
5055 6007
5099 6258
5162 6307
5170 6096
5215 167
5257 608
5289 6455
5295 870
5310 6477
5318 6501
5319 6502
5325 970
5327 1082
5347 7383
5369 6579
5370 6580
5396 6611
5399 1613
5413 1588
5419 6651
5430 6657
5457 6755
5489 6782
5496 6782
5501 6791
5504 6723
5523 6742
5530 2190
5533 7589
5543 6776
5590 6848
5607 6878
5619 6890
5631 6903
5649 3214
5685 3495
5703 7024
5758 7063
5799 8027
5823 8064
5836 7150
5838 8058
5846 8065
5858 7164
5869 7195
5874 8093
5877 8179
5886 7154
5887 8106
5903 8123
5904 7162
5909 7173
5916 7181
5917 7203
6067 7282
6099 7311
6132 7430
6138 8255
6144 7358
6174 7593
6179 7408
6195 7419
6232 7630
6235 7469
6236 7470
6246 7483
6273 7575
6300 7520
6314 7607
6321 7606
6356 8319
6362 8348
6374 7649
6394 7639
6407 7639
6461 7711
6473 7761
6529 6939
6535 7818
6540 7819
6557 6956
6740 8050
6758 8086
6763 8097
6766 8091
6771 8508
6781 8734
6800 8489
6801 8154
6810 8136
6812 8158
6822 8080
6825 8093
6826 8504
6827 8193
6834 8088
6842 8198
6845 8103
6850 8103
6854 8109
6857 8519
6860 8143
6861 8143
6866 8124
6868 8194
6870 8129
6876 8522
6879 8171
6885 8149
6889 8140
6892 8149
6893 8133
6910 8562
7005 8252
7121 7818
7122 7810
7138 7843
7149 7906
7223 8495
7226 8502
7235 8733
7245 8501
7249 8198
7250 8738
7253 8511
7268 8140
7333 8774
7341 8774
7369 8634
7370 8635
7374 8635
7381 8657
7384 8664
7388 8653
7397 8835
7430 8856
7437 8860
7448 8708
7455 8498
7464 8739
7468 8750
7469 8716
7475 8732
7476 8510
7485 8741
7488 8743
7493 8740
7498 8754
7505 8759
7542 8797
7543 8807
7545 8812
7549 8808
7551 8653
7553 8809
7560 8835
7567 8824
7578 8852
7583 8847
7592 8855
7597 8856
7598 8857
7603 8859
7610 8864
7613 8873
7614 8876
7615 8861
7617 8880
0 3
91
1414 6654
1649 1488
1771 1663
1803 1678
1877 1756
1903 1775
1904 1838
1905 1838
1930 1828
1948 2153
1955 1851
1956 1860
1957 1906
1974 1849
1994 1875
2026 1988
2035 1890
2036 2001
2058 1929
2074 2089
2097 2048
2116 2018
2131 2137
2159 2047
2219 2167
2241 2231
2278 2211
2279 2229
2295 2198
2305 2182
2306 2255
2320 2238
2346 2297
2359 2347
2372 2317
2388 2284
2389 2316
2390 2346
2424 2296
2430 2340
2431 2353
2470 2352
2556 2345
2652 2424
2667 2590
2927 3275
3047 3217
3721 6251
3722 5023
3864 7097
3881 3558
3906 3584
3998 3721
4150 6199
4199 4632
4385 7098
4423 4131
4494 5188
4641 4327
4665 4350
4671 4364
4689 4931
4810 6971
4830 4282
4894 4384
4911 4368
4919 4521
4929 5230
5454 5205
5807 5010
6416 6604
6469 2256
6482 6727
6775 6201
6847 6986
6854 6160
7260 6604
7283 6617
7327 5894
7331 6727
7710 7365
7748 7372
7771 6957
7781 6971
7788 7333
7790 6981
7797 6970
7934 7388
8201 7372
8446 7614
8481 7495
1 3
150
714 659
887 804
1016 946
1030 896
1103 995
1722 1535
1855 1629
1975 1732
2005 1778
2088 1716
2100 1677
2121 2391
2134 1714
2158 1756
2159 1756
2179 1775
2209 1838
2210 1838
2219 1828
2231 1849
2234 1907
2258 1906
2271 1875
2384 2018
2394 2048
2395 2029
2396 2088
2397 2089
2421 2087
2447 2137
2448 2159
2460 2135
2479 2186
2526 2230
2527 2231
2536 2181
2540 2211
2569 2238
2580 2256
2582 2285
2593 2265
2606 2237
2616 2264
2617 2317
2632 2316
2640 2315
2641 2346
2649 2342
2660 2340
2667 2328
2668 2353
2713 2376
3061 3034
3066 3275
3110 3344
3121 3124
3136 3217
3162 3130
3206 3384
3233 3232
3247 3250
3248 3350
3304 3391
3345 3645
3361 3815
3432 3595
3661 3869
3675 3926
3686 4070
3698 4008
3709 4108
3720 3542
3886 4371
4067 4588
4077 4131
4104 4064
4122 4101
4150 4107
4162 4142
4166 6226
4187 4794
4188 5190
4194 4199
4195 4199
4222 5198
4230 4228
4237 4364
4270 4294
4296 4303
4310 4324
4345 4446
4348 4363
4355 4333
4356 4346
4359 7098
4372 4368
4384 4383
4392 4340
4394 4432
4395 4472
4396 7098
4412 4393
4436 4389
4496 4402
4507 4753
4525 5487
4547 5188
4698 5172
4723 5319
5584 2048
5858 6201
5864 4926
5874 6163
5879 6242
5886 6158
5895 6173
5898 6171
5902 6168
5916 4402
6416 6604
6510 6727
6540 6705
6800 6141
6833 6966
6834 6966
6845 6974
6850 6979
6855 7333
6858 6986
6859 7338
6861 6993
7119 7223
7138 7238
7164 7593
7212 7300
7245 6966
7253 7326
7254 7338
7259 7335
7359 2036
7388 7562
7464 7511
7476 7495
7484 7326
7549 7562
7551 7562
7556 7568
7603 7594
7624 7606
7627 7607
2 3
511
489 150
656 64
687 102
727 126
728 145
756 5561
864 260
865 276
948 141
968 358
1130 274
1171 318
1545 669
1564 5642
1565 708
1766 811
1862 873
2017 1316
2106 1408
2110 1168
2152 1473
2193 1448
2196 5798
2230 1552
2244 1517
2245 1535
2252 1533
2257 1167
2297 1600
2327 5821
2328 1667
2363 1649
2364 1666
2365 1690
2382 1704
2394 1720
2400 1444
2404 1719
2420 1718
2433 1749
2472 1748
2473 5838
2501 1470
2509 1778
2525 1809
2527 2115
2540 1443
2551 1808
2565 1807
2575 1807
2627 1878
2629 5889
2645 2394
2673 1942
2771 2320
2842 2453
2864 2465
2941 2494
3052 2545
3106 2354
3125 2407
3139 2261
3163 2376
3178 2235
3210 2336
3257 2549
3263 2486
3284 2508
3294 2460
3313 2474
3348 2449
3351 2687
3375 2442
3379 2535
3380 2539
3404 2707
3448 2690
3507 2579
3532 2879
3545 2628
3554 5961
3588 2836
3598 2836
3599 2898
3608 2916
3620 2775
3643 3027
3647 2855
3663 2710
3666 3048
3668 2964
3679 2896
3695 3018
3698 2990
3717 2770
3736 2973
3751 3033
3754 2823
3755 2824
3759 3046
3781 3052
3787 2839
3793 3092
3812 2874
3823 3112
3824 3324
3825 2891
3829 3090
3832 3313
3834 3164
3835 3323
3841 3115
3842 3124
3858 3251
3859 3275
3866 6019
3868 3140
3890 3123
3911 3217
3912 3344
3913 3351
3936 3369
3940 6079
3945 3375
3957 3392
3987 3003
3988 3004
3997 3426
4013 3216
4028 3243
4037 3261
4040 3385
4050 3384
4060 3274
4061 3285
4062 3311
4064 3683
4069 3357
4080 3383
4092 3503
4106 3514
4116 3454
4117 3539
4135 3545
4217 3537
4235 3551
4236 3636
4244 3560
4264 3529
4271 3564
4287 3922
4299 3167
4323 3166
4329 3595
4330 3696
4340 6088
4351 3195
4356 3604
4375 3489
4390 3644
4409 3521
4419 3458
4471 3687
4477 3957
4509 3846
4520 3833
4543 3527
4544 3542
4554 4115
4571 3871
4594 7301
4605 3589
4607 3880
4625 4160
4634 3910
4647 3584
4654 3669
4656 3870
4702 4211
4710 4004
4721 3909
4729 3926
4737 4017
4738 4039
4739 4092
4748 4039
4753 3908
4759 4051
4766 3966
4770 3710
4778 3976
4779 4008
4780 6140
4785 3721
4787 4076
4789 4070
4790 4075
4801 4070
4802 4075
4816 6110
4819 4097
4827 4138
4828 4108
4837 3819
4849 3637
4862 4232
4867 3660
4872 4244
4878 3975
4881 4243
4899 4253
4900 4452
4904 4267
4909 4129
4938 4194
4947 3973
4966 4132
4967 4292
4968 4394
4972 4057
5006 4372
5009 4421
5016 4527
5017 6183
5020 4388
5021 4398
5034 4388
5035 4466
5044 4101
5053 4685
5058 4162
5060 4390
5062 4674
5067 4685
5068 4685
5071 6145
5072 4456
5080 4475
5084 4142
5094 4208
5114 4762
5115 4182
5116 4214
5117 4387
5126 4542
5129 4720
5140 4199
5141 4199
5163 4213
5164 4523
5174 4447
5175 4822
5180 4817
5185 4567
5195 4564
5204 4247
5205 4249
5221 4843
5225 4261
5227 4426
5236 6193
5239 4783
5246 4609
5258 4782
5260 4887
5267 4635
5279 4588
5286 4350
5300 4326
5309 4358
5310 4364
5315 6227
5316 6221
5324 4592
5338 4325
5340 6199
5341 4682
5342 6227
5345 4309
5346 4323
5348 4485
5360 4369
5365 4872
5375 4404
5378 4885
5382 4333
5383 4346
5384 4418
5385 4439
5388 4692
5395 4340
5397 4347
5398 4363
5418 4619
5419 4629
5420 4691
5429 4368
5431 4434
5432 4563
5438 4383
5439 4384
5456 5023
5465 4393
5466 4397
5469 4757
5474 4274
5480 4366
5483 6173
5489 4299
5496 4389
5510 4432
5528 4402
5530 4697
5533 5054
5546 4402
5554 4472
5556 4737
5572 4562
5584 4756
5588 4607
5597 4768
5599 6226
5609 4815
5610 4829
5611 4850
5612 4851
5619 4779
5621 4814
5624 4606
5630 4857
5632 4704
5634 4827
5638 4900
5641 4913
5647 4713
5648 4950
5656 4746
5657 4767
5659 4912
5664 4772
5667 4661
5668 4669
5669 4771
5670 4415
5671 4778
5676 4800
5677 4956
5679 4812
5684 4699
5685 4826
5687 4659
5691 4687
5701 4730
5703 4877
5704 4911
5710 4911
5713 4711
5714 4711
5715 4753
5726 4811
5732 4765
5739 4987
5740 5081
5752 4799
5759 4825
5763 4970
5774 4824
5779 4931
5781 5035
5786 4993
5787 5120
5791 4969
5793 5198
5798 4819
5814 5235
5829 4896
5840 4876
5860 5015
5861 5304
5892 5188
5909 5137
5931 5256
5935 5234
5936 5255
5941 5256
5962 5272
5966 5172
5984 5327
5998 5165
6138 5224
6186 5098
6224 5265
6235 5070
6286 5080
6288 5309
6297 5242
6307 5153
6322 5348
6585 6335
6760 5810
6884 2545
6967 5961
7025 3369
7028 6059
7039 3384
7050 3551
7059 6088
7060 6103
7062 6091
7103 6135
7104 6137
7107 3744
7118 3743
7134 4844
7138 6188
7141 6157
7142 6188
7144 4790
7145 4887
7147 6215
7148 4350
7150 7064
7154 6158
7165 6198
7170 6171
7181 4402
7185 6219
7192 6214
7195 6234
7200 6242
7201 6242
7208 6218
7213 6271
7219 5198
7230 7119
7529 6419
7791 6679
7876 6773
7891 6809
7934 6822
7938 6857
7954 6886
7955 6895
7966 6094
7967 6899
7984 6917
8005 6867
8023 7315
8024 6944
8025 7310
8045 6920
8050 6962
8080 6154
8088 6966
8089 7009
8093 6163
8097 7370
8110 7345
8124 7326
8143 6993
8159 7013
8168 7022
8171 7024
8173 7030
8183 7046
8194 7098
8205 7377
8362 7426
8425 7266
8449 7477
8455 6886
8486 6947
8488 7339
8504 7328
8511 7326
8512 7347
8516 7345
8519 7326
8520 7333
8524 7338
8525 7338
8533 7362
8545 7521
8547 7358
8620 7426
8660 7568
8661 7568
8706 6908
8724 7525
8726 7515
8736 7326
8737 7606
8739 7511
8742 7504
8744 7518
8759 7527
8760 7386
8789 7419
8808 7562
8811 7565
8813 7568
8814 7565
8834 7589
8842 7588
8857 7597
8859 7594
8861 7602
8869 7616
8871 7606
8875 7614
8877 7609
1 4
27
0 7711
1440 2168
1474 3077
2448 2356
2472 2356
2676 2459
3168 3761
3247 3792
3248 3850
3304 3863
4072 4972
4146 4295
4394 4516
4413 4543
4548 5639
4564 6604
5858 6672
5887 6608
5921 6782
6756 7900
6793 7549
6798 7543
6810 7900
6834 7466
7196 7877
7221 7900
7464 8077
